6
6
7
12
19
21
21
21
22
31
32
36
53
63
63
68
73
74
76
76
79
86
86
87
97
98
101
101
103
105
106
107
108
108
110
111
116
125
149
150
158
161
161
162
165
166
170
182
191
194
200
202
206
218
219
220
224
225
231
239
241
243
246
249
253
268
276
284
284
285
287
292
296
296
297
298
303
306
321
322
331
336
337
337
337
347
353
354
355
356
356
360
364
366
372
375
386
387
403
408
410
413
413
414
416
420
423
425
425
427
433
434
456
458
462
466
473
475
488
490
491
491
493
499
506
506
507
508
516
517
518
519
535
537
537
544
562
567
569
574
587
590
591
593
597
599
600
611
611
614
615
617
621
622
624
632
633
638
651
652
662
662
667
668
672
673
683
684
690
700
708
711
711
712
712
720
724
731
737
744
744
750
762
766
769
770
771
772
782
783
785
790
795
799
811
817
820
821
821
832
838
858
864
865
870
872
873
880
882
884
885
887
896
896
901
906
908
910
914
919
930
941
942
943
948
958
962
962
965
966
974
977
977
979
986
987
989
991
993
993
1009
1010
1013
1018
1022
1030
1036
1037
1044
1047
1051
1051
1057
1061
1063
1066
1069
1069
1071
1073
1073
1075
1076
1086
1087
1088
1095
1099
1101
1104
1110
1119
1122
1129
1133
1133
1138
1140
1141
1143
1147
1151
1158
1160
1161
1162
1164
1173
1173
1178
1184
1191
1206
1225
1229
1232
1234
1236
1240
1253
1255
1259
1260
1264
1264
1265
1266
1266
1267
1267
1267
1269
1276
1279
1285
1291
1292
1301
1301
1307
1307
1308
1308
1310
1310
1325
1325
1327
1327
1333
1333
1340
1348
1350
1353
1355
1355
1356
1360
1362
1363
1365
1368
1368
1371
1374
1375
1380
1380
1381
1382
1384
1391
1404
1416
1417
1424
1427
1439
1462
1466
1469
1474
1476
1484
1486
1488
1491
1492
1493
1504
1512
1513
1532
1532
1538
1540
1548
1553
1553
1556
1557
1561
1562
1567
1570
1570
1574
1575
1575
1583
1586
1588
1597
1599
1611
1614
1614
1614
1614
1616
1619
1619
1621
1623
1628
1632
1633
1635
1636
1639
1642
1649
1650
1652
1662
1671
1676
1679
1688
1688
1694
1695
1700
1708
1709
1709
1721
1721
1722
1727
1732
1733
1736
1741
1745
1748
1756
1756
1766
1769
1771
1779
1791
1796
1799
1811
1814
1815
1818
1824
1829
1832
1834
1843
1846
1849
1851
1851
1851
1852
1853
1860
1873
1889
1894
1896
1902
1906
1909
1917
1919
1925
1932
1933
1934
1934
1940
1940
1944
1947
1949
1949
1953
1953
1967
1967
1970
1982
1992
1994
1997
1997
2001
2008
2029
2032
2033
2038
2047
2048
2060
2063
2072
2074
2076
2076
2079
2080
2084
2092
2094
2106
2107
2113
2113
2115
2129
2134
2135
2138
2141
2146
2154
2155
2164
2169
2172
2178
2181
2184
2184
2193
2195
2195
2200
2208
2216
2221
2222
2227
2232
2250
2250
2251
2252
2253
2256
2261
2263
2265
2267
2287
2287
2290
2297
2299
2306
2306
2327
2332
2342
2343
2351
2360
2370
2371
2384
2388
2391
2394
2395
2397
2397
2406
2406
2407
2413
2413
2415
2417
2417
2422
2423
2427
2431
2433
2434
2449
2450
2451
2452
2456
2456
2461
2463
2466
2467
2468
2470
2477
2480
2488
2489
2493
2494
2497
2497
2497
2497
2499
2502
2505
2506
2511
2514
2522
2522
2526
2529
2530
2531
2531
2556
2558
2564
2568
2570
2577
2587
2588
2592
2593
2601
2615
2617
2617
2618
2631
2631
2633
2634
2637
2637
2643
2644
2644
2648
2650
2654
2656
2656
2657
2662
2667
2669
2671
2671
2674
2676
2678
2687
2688
2692
2695
2704
2712
2714
2715
2722
2725
2730
2734
2745
2747
2749
2754
2757
2759
2762
2767
2769
2776
2781
2784
2785
2787
2788
2790
2792
2798
2803
2817
2820
2821
2830
2837
2845
2849
2853
2856
2856
2859
2868
2881
2883
2884
2889
2891
2897
2900
2904
2905
2907
2910
2916
2918
2918
2920
2922
2922
2931
2941
2944
2947
2947
2948
2952
2957
2962
2970
2973
2986
2988
3003
3006
3016
3019
3022
3024
3025
3029
3033
3036
3040
3046
3047
3048
3048
3051
3054
3057
3058
3062
3063
3066
3070
3077
3081
3085
3088
3088
3092
3098
3103
3107
3110
3110
3111
3120
3121
3126
3128
3133
3135
3137
3138
3138
3141
3144
3147
3152
3154
3155
3157
3161
3164
3167
3167
3169
3170
3171
3174
3175
3180
3192
3196
3198
3200
3205
3206
3216
3218
3219
3220
3223
3226
3227
3230
3232
3237
3245
3252
3256
3260
3261
3269
3277
3280
3282
3286
3291
3293
3300
3301
3305
3311
3317
3317
3319
3320
3321
3335
3343
3346
3350
3352
3353
3354
3367
3367
3369
3376
3377
3383
3385
3389
3398
3409
3415
3423
3427
3435
3435
3450
3451
3452
3453
3456
3469
3471
3473
3474
3474
3475
3476
3481
3486
3491
3501
3503
3514
3518
3524
3529
3536
3537
3541
3542
3554
3556
3586
3594
3601
3601
3604
3607
3611
3612
3614
3614
3617
3619
3621
3622
3627
3627
3635
3643
3645
3661
3673
3674
3679
3683
3685
3697
3697
3700
3703
3708
3711
3712
3720
3724
3725
3726
3727
3728
3742
3745
3747
3760
3760
3760
3762
3764
3764
3765
3769
3778
3783
3789
3790
3802
3807
3808
3811
3816
3822
3825
3829
3831
3833
3834
3834
3839
3840
3841
3844
3845
3848
3850
3853
3854
3855
3856
3863
3864
3867
3870
3873
3884
3906
3909
3922
3923
3924
3927
3935
3940
3952
3956
3958
3960
3961
3961
3968
3970
3974
3976
3982
3987
3989
3993
4005
4007
4008
4008
4015
4015
4017
4020
4021
4029
4031
4034
4034
4039
4055
4057
4064
4070
4071
4076
4091
4099
4101
4105
4113
4122
4123
4130
4137
4144
4147
4158
4158
4159
4160
4161
4162
4162
4164
4166
4170
4170
4174
4175
4179
4194
4195
4197
4213
4215
4215
4222
4225
4226
4229
4231
4232
4240
4242
4243
4243
4251
4255
4257
4257
4260
4261
4273
4275
4278
4280
4280
4282
4282
4282
4285
4288
4303
4304
4308
4309
4309
4312
4317
4328
4329
4330
4333
4335
4336
4338
4338
4352
4352
4356
4360
4366
4371
4379
4385
4386
4386
4396
4397
4398
4403
4407
4407
4409
4410
4420
4425
4428
4433
4434
4435
4437
4439
4445
4446
4449
4456
4456
4458
4461
4467
4469
4489
4494
4505
4507
4511
4523
4528
4531
4531
4538
4543
4544
4548
4551
4562
4565
4568
4572
4573
4581
4592
4593
4608
4610
4620
4621
4622
4625
4628
4629
4631
4637
4637
4642
4657
4687
4691
4696
4703
4706
4708
4708
4710
4712
4722
4723
4724
4728
4733
4735
4736
4737
4740
4744
4744
4749
4749
4753
4757
4758
4765
4770
4775
4785
4785
4785
4789
4790
4791
4796
4798
4803
4804
4819
4821
4841
4851
4856
4857
4858
4861
4863
4872
4872
4875
4877
4877
4878
4879
4881
4881
4882
4884
4888
4889
4891
4892
4894
4900
4905
4908
4912
4914
4918
4922
4922
4926
4926
4929
4937
4940
4941
4942
4943
4946
4951
4952
4953
4957
4958
4960
4960
4962
4964
4965
4974
4976
4983
4989
4992
4996
5008
5010
5017
5022
5032
5037
5037
5038
5044
5046
5047
5057
5059
5059
5059
5062
5062
5062
5070
5076
5090
5091
5092
5092
5095
5100
5105
5111
5117
5119
5125
5132
5133
5135
5138
5142
5145
5148
5155
5157
5162
5171
5173
5181
5184
5190
5193
5200
5201
5206
5212
5214
5214
5216
5220
5227
5228
5230
5232
5234
5236
5237
5242
5244
5252
5255
5257
5262
5273
5278
5282
5299
5300
5303
5318
5320
5326
5332
5341
5342
5342
5342
5344
5346
5357
5360
5362
5365
5366
5369
5370
5376
5386
5387
5391
5395
5396
5404
5405
5407
5408
5409
5411
5411
5414
5415
5417
5420
5421
5423
5426
5432
5440
5441
5452
5454
5462
5473
5480
5485
5489
5489
5491
5491
5491
5492
5495
5503
5505
5508
5508
5509
5513
5519
5519
5522
5523
5524
5525
5536
5537
5538
5538
5550
5550
5556
5556
5564
5579
5586
5588
5590
5598
5609
5614
5616
5620
5622
5634
5634
5636
5638
5640
5648
5653
5653
5654
5661
5661
5667
5667
5672
5675
5676
5686
5688
5690
5690
5695
5696
5699
5702
5704
5716
5725
5728
5729
5734
5736
5743
5744
5747
5747
5752
5757
5758
5762
5772
5777
5777
5778
5787
5788
5789
5794
5800
5801
5804
5805
5808
5814
5821
5823
5835
5839
5849
5850
5850
5858
5864
5872
5879
5880
5884
5885
5888
5897
5898
5909
5918
5919
5925
5929
5935
5947
5949
5954
5964
5972
5972
5981
5986
5988
5989
5989
5993
5997
6001
6008
6011
6014
6030
6037
6039
6045
6051
6052
6069
6070
6071
6072
6073
6075
6085
6091
6091
6097
6099
6106
6108
6108
6111
6113
6114
6116
6123
6123
6128
6129
6132
6137
6140
6141
6143
6144
6144
6145
6148
6149
6149
6152
6154
6157
6158
6159
6160
6166
6167
6180
6185
6187
6190
6190
6191
6191
6192
6214
6214
6217
6219
6219
6221
6224
6230
6249
6252
6257
6262
6262
6273
6281
6286
6301
6301
6303
6312
6320
6322
6328
6335
6337
6339
6342
6342
6344
6351
6352
6353
6356
6369
6374
6375
6375
6382
6384
6392
6396
6397
6405
6410
6412
6416
6416
6421
6424
6426
6435
6435
6440
6448
6451
6451
6453
6461
6471
6473
6484
6485
6487
6497
6497
6514
6515
6517
6520
6522
6525
6529
6530
6532
6534
6536
6537
6539
6547
6556
6558
6568
6575
6576
6589
6589
6592
6594
6594
6598
6604
6605
6609
6610
6611
6621
6623
6626
6628
6639
6651
6653
6674
6677
6685
6694
6695
6712
6721
6726
6733
6738
6745
6746
6747
6747
6748
6748
6752
6756
6756
6756
6762
6765
6765
6766
6769
6776
6783
6786
6795
6799
6803
6804
6806
6810
6819
6820
6825
6827
6834
6836
6837
6839
6841
6842
6846
6846
6852
6854
6854
6869
6873
6881
6885
6892
6893
6897
6904
6907
6907
6913
6917
6922
6925
6927
6928
6929
6929
6929
6930
6931
6938
6944
6944
6951
6953
6954
6955
6955
6959
6966
6972
6975
6976
6977
6982
6984
6986
6996
7018
7023
7024
7024
7026
7028
7045
7046
7047
7048
7050
7053
7055
7057
7061
7067
7077
7087
7090
7095
7096
7099
7104
7110
7115
7116
7123
7129
7146
7156
7158
7159
7159
7161
7170
7172
7178
7179
7183
7189
7193
7194
7196
7202
7203
7203
7205
7210
7217
7218
7227
7229
7231
7238
7245
7251
7252
7252
7258
7262
7265
7273
7276
7281
7284
7287
7287
7290
7298
7302
7303
7305
7316
7318
7321
7323
7325
7327
7335
7337
7338
7338
7342
7344
7345
7346
7349
7354
7362
7375
7376
7376
7384
7390
7392
7395
7402
7403
7405
7410
7411
7414
7415
7426
7431
7441
7441
7449
7450
7459
7460
7463
7464
7468
7469
7471
7474
7481
7484
7491
7492
7497
7498
7499
7502
7507
7513
7519
7522
7525
7525
7527
7533
7539
7541
7552
7580
7589
7593
7603
7607
7611
7617
7617
7618
7621
7622
7627
7639
7660
7669
7670
7676
7684
7692
7694
7698
7699
7700
7701
7705
7707
7714
7722
7734
7744
7748
7750
7757
7759
7760
7762
7776
7776
7777
7781
7781
7788
7790
7794
7797
7814
7815
7819
7823
7841
7843
7857
7863
7863
7864
7868
7870
7870
7880
7886
7888
7888
7891
7893
7894
7894
7895
7897
7898
7898
7904
7907
7908
7909
7913
7920
7924
7932
7946
7948
7951
7954
7955
7958
7960
7964
7968
7972
7986
7986
7999
8003
8005
8009
8010
8010
8011
8013
8017
8026
8028
8031
8044
8044
8048
8056
8056
8060
8063
8071
8079
8092
8094
8097
8099
8102
8103
8103
8120
8125
8125
8127
8134
8135
8135
8147
8152
8154
8155
8158
8159
8159
8163
8164
8166
8166
8169
8171
8171
8177
8181
8182
8183
8185
8187
8197
8201
8209
8211
8211
8219
8224
8227
8228
8237
8238
8238
8240
8242
8246
8247
8248
8258
8268
8273
8278
8281
8286
8289
8290
8293
8300
8315
8320
8321
8326
8328
8331
8332
8337
8339
8341
8358
8359
8360
8374
8382
8384
8384
8390
8393
8399
8399
8400
8402
8404
8404
8408
8415
8432
8433
8439
8440
8441
8446
8446
8446
8451
8452
8455
8458
8461
8461
8473
8477
8482
8483
8492
8498
8512
8516
8516
8517
8526
8528
8529
8533
8535
8539
8540
8544
8559
8569
8570
8572
8573
8576
8588
8590
8599
8600
8602
8602
8608
8610
8617
8617
8619
8623
8627
8637
8642
8643
8646
8648
8648
8654
8656
8658
8662
8681
8682
8683
8685
8685
8686
8687
8690
8690
8692
8693
8695
8695
8696
8696
8698
8699
8701
8702
8711
8715
8716
8726
8728
8728
8730
8734
8737
8739
8741
8742
8745
8749
8750
8759
8762
8765
8767
8772
8777
8798
8805
8806
8810
8814
8815
8819
8821
8824
8832
8833
8841
8843
8849
8860
8870
8876
8891
8908
8910
8912
8913
8913
8914
8926
8938
8941
8942
8946
8951
8959
8960
8964
8965
8967
8967
8972
8977
8980
8984
8988
8988
8990
8991
8994
8995
8996
8998
8998
9002
9003
9004
9012
9013
9034
9035
9038
9039
9045
9051
9051
9066
9080
9089
9095
9103
9114
9116
9118
9124
9126
9129
9136
9137
9143
9148
9150
9157
9157
9165
9167
9169
9172
9174
9175
9178
9183
9184
9186
9196
9199
9209
9213
9217
9222
9223
9223
9237
9238
9248
9250
9252
9252
9253
9255
9270
9278
9282
9284
9284
9289
9300
9301
9306
9308
9314
9316
9321
9326
9328
9332
9334
9346
9350
9359
9360
9361
9373
9375
9376
9383
9386
9399
9401
9406
9407
9410
9412
9415
9421
9428
9436
9447
9453
9459
9460
9469
9469
9470
9473
9474
9476
9479
9481
9483
9486
9488
9488
9503
9505
9507
9512
9516
9518
9520
9523
9525
9536
9539
9539
9539
9540
9550
9553
9561
9562
9568
9570
9570
9572
9576
9589
9592
9595
9617
9626
9629
9634
9634
9634
9637
9645
9651
9652
9660
9660
9661
9662
9673
9677
9679
9688
9693
9698
9700
9702
9704
9723
9726
9726
9733
9737
9738
9742
9744
9746
9751
9752
9757
9757
9761
9762
9763
9764
9767
9768
9773
9773
9774
9775
9786
9788
9792
9792
9798
9807
9809
9810
9812
9813
9814
9815
9816
9821
9826
9833
9839
9849
9854
9868
9868
9876
9878
9885
9886
9887
9887
9891
9896
9903
9904
9905
9907
9907
9911
9911
9912
9913
9913
9913
9915
9917
9925
9932
9932
9943
9947
9948
9950
9952
9956
9961
9963
9971
9975
9977
9979
9982
9984
9989
9990
9998
10012
10021
10033
10043
10044
10045
10047
10050
10052
10066
10068
10072
10079
10082
10084
10085
10085
10091
10094
10101
10108
10111
10118
10119
10122
10126
10130
10133
10135
10136
10137
10141
10143
10143
10144
10145
10146
10149
10156
10163
10165
10171
10174
10174
10183
10184
10192
10194
10194
10202
10204
10210
10219
10220
10221
10224
10225
10236
10246
10250
10254
10257
10264
10267
10268
10272
10279
10286
10287
10288
10289
10292
10294
10298
10302
10307
10309
10310
10316
10325
10327
10329
10329
10329
10332
10334
10342
10343
10351
10353
10354
10361
10363
10363
10364
10364
10374
10376
10381
10384
10385
10388
10389
10395
10407
10407
10409
10410
10414
10416
10422
10431
10432
10439
10439
10441
10445
10446
10447
10448
10448
10448
10450
10453
10460
10463
10467
10479
10489
10491
10493
10498
10498
10504
10506
10514
10519
10526
10527
10527
10531
10533
10534
10534
10543
10545
10547
10548
10551
10552
10560
10564
10565
10566
10571
10577
10584
10590
10590
10592
10595
10600
10603
10611
10615
10618
10621
10622
10622
10625
10627
10632
10635
10636
10641
10644
10646
10649
10649
10650
10660
10661
10669
10694
10695
10701
10701
10708
10710
10712
10717
10722
10725
10728
10731
10734
10744
10752
10755
10763
10768
10769
10771
10780
10781
10782
10785
10787
10792
10795
10797
10800
10801
10804
10804
10808
10809
10811
10814
10818
10819
10843
10845
10850
10855
10860
10861
10861
10862
10889
10890
10892
10893
10895
10896
10902
10902
10911
10918
10924
10932
10932
10942
10945
10963
10964
10975
10976
10981
10983
10993
10994
10995
10995
11002
11002
11003
11017
11019
11019
11023
11025
11026
11034
11050
11056
11058
11060
11060
11064
11082
11083
11083
11090
11093
11095
11098
11115
11125
11127
11127
11128
11129
11131
11133
11134
11141
11146
11151
11153
11153
11153
11155
11159
11160
11165
11165
11169
11170
11176
11181
11186
11191
11191
11192
11203
11204
11205
11213
11213
11214
11217
11217
11221
11222
11242
11244
11249
11259
11261
11263
11267
11267
11268
11272
11274
11276
11281
11290
11293
11293
11297
11303
11303
11306
11314
11318
11320
11322
11325
11333
11335
11338
11338
11339
11341
11344
11344
11347
11355
11358
11359
11359
11360
11361
11361
11361
11363
11364
11365
11366
11367
11369
11370
11379
11380
11381
11391
11392
11399
11404
11405
11410
11412
11423
11426
11426
11428
11431
11451
11457
11457
11459
11461
11461
11462
11465
11479
11480
11484
11492
11493
11497
11505
11506
11508
11520
11524
11525
11537
11544
11544
11546
11547
11551
11553
11554
11573
11575
11579
11579
11585
11588
11590
11594
11599
11611
11619
11625
11628
11629
11639
11643
11659
11660
11663
11663
11663
11665
11666
11668
11668
11670
11671
11672
11681
11682
11687
11689
11690
11691
11693
11700
11701
11705
11705
11707
11716
11719
11729
11731
11744
11753
11755
11756
11766
11780
11783
11792
11792
11795
11796
11799
11799
11801
11802
11802
11804
11810
11810
11815
11819
11819
11826
11831
11836
11838
11843
11843
11844
11845
11846
11847
11859
11867
11871
11873
11879
11885
11886
11887
11893
11895
11897
11898
11902
11904
11906
11911
11913
11919
11920
11920
11934
11948
11949
11950
11953
11956
11956
11961
11962
11965
11970
11981
11982
11989
11989
11991
11994
11994
11995
11996
12004
12005
12010
12017
12018
12020
12023
12024
12032
12035
12037
12038
12039
12047
12053
12058
12062
12066
12069
12071
12073
12074
12079
12081
12081
12082
12087
12087
12088
12094
12100
12103
12104
12105
12107
12111
12113
12119
12122
12125
12126
12135
12136
12142
12143
12154
12161
12163
12164
12168
12168
12169
12176
12180
12186
12186
12188
12188
12194
12196
12196
12198
12200
12201
12209
12211
12222
12222
12224
12226
12236
12236
12240
12242
12242
12243
12248
12252
12252
12258
12261
12263
12265
12268
12285
12287
12288
12291
12291
12292
12297
12308
12309
12313
12313
12333
12334
12335
12350
12351
12355
12359
12370
12373
12375
12382
12384
12385
12401
12410
12412
12414
12414
12421
12427
12428
12433
12452
12456
12464
12467
12470
12472
12477
12478
12491
12493
12493
12496
12505
12509
12510
12512
12513
12514
12516
12519
12520
12529
12537
12556
12562
12576
12580
12588
12600
12603
12606
12623
12625
12628
12629
12629
12631
12631
12640
12641
12646
12650
12654
12655
12658
12666
12668
12674
12678
12685
12690
12690
12691
12692
12693
12693
12694
12695
12701
12702
12705
12714
12718
12719
12720
12731
12735
12745
12757
12766
12768
12769
12775
12779
12783
12792
12793
12796
12798
12800
12803
12804
12816
12816
12821
12822
12823
12829
12831
12836
12838
12843
12856
12857
12864
12872
12873
12874
12876
12878
12883
12887
12893
12897
12898
12905
12924
12927
12931
12931
12931
12931
12931
12931
12932
12947
12949
12951
12959
12959
12966
12967
12968
12969
12969
12974
12975
12977
12981
12993
12999
13000
13006
13015
13021
13025
13031
13041
13044
13053
13055
13059
13061
13061
13063
13067
13071
13079
13088
13094
13102
13102
13120
13130
13138
13139
13143
13145
13145
13147
13151
13157
13159
13160
13166
13171
13171
13174
13176
13179
13181
13183
13185
13185
13189
13194
13198
13199
13204
13209
13215
13216
13221
13223
13228
13236
13237
13239
13242
13243
13246
13252
13256
13259
13269
13281
13283
13284
13288
13294
13298
13301
13301
13304
13309
13311
13319
13327
13331
13333
13334
13338
13338
13340
13342
13348
13353
13355
13375
13375
13380
13382
13385
13388
13396
13397
13403
13417
13420
13433
13438
13438
13448
13454
13458
13461
13462
13466
13467
13468
13470
13472
13476
13477
13478
13480
13483
13484
13490
13491
13496
13496
13497
13498
13500
13501
13502
13502
13504
13506
13519
13525
13526
13530
13531
13533
13539
13551
13554
13555
13563
13574
13583
13591
13595
13597
13597
13598
13601
13606
13610
13614
13614
13616
13625
13627
13634
13644
13645
13651
13671
13676
13687
13687
13693
13693
13694
13710
13711
13730
13731
13750
13754
13756
13757
13761
13772
13775
13776
13783
13783
13789
13790
13798
13799
13804
13812
13819
13820
13822
13826
13828
13829
13834
13838
13838
13842
13845
13849
13853
13853
13855
13858
13866
13872
13877
13890
13893
13894
13896
13897
13902
13903
13905
13910
13913
13921
13923
13924
13932
13934
13936
13940
13941
13941
13948
13948
13953
13953
13953
13954
13959
13960
13965
13979
13979
13984
13986
13990
13990
13992
13992
13992
13998
14002
14002
14007
14009
14018
14018
14019
14027
14029
14036
14037
14038
14039
14049
14055
14055
14056
14063
14064
14066
14068
14070
14071
14075
14075
14076
14086
14090
14095
14099
14100
14109
14109
14111
14116
14121
14135
14138
14141
14148
14149
14154
14159
14165
14170
14186
14189
14190
14196
14199
14203
14205
14210
14212
14218
14226
14228
14228
14232
14233
14241
14243
14246
14254
14258
14261
14270
14271
14284
14288
14289
14291
14291
14298
14299
14299
14300
14302
14304
14310
14322
14324
14324
14325
14328
14329
14329
14335
14339
14342
14342
14345
14346
14348
14352
14352
14353
14354
14356
14359
14360
14362
14370
14376
14377
14378
14385
14386
14390
14401
14402
14411
14420
14426
14429
14430
14440
14446
14458
14459
14462
14465
14468
14475
14482
14487
14492
14496
14497
14498
14500
14502
14513
14516
14517
14520
14521
14529
14530
14531
14531
14533
14533
14539
14541
14544
14545
14556
14560
14561
14561
14562
14564
14567
14576
14581
14581
14585
14585
14586
14586
14591
14599
14599
14605
14610
14615
14618
14620
14630
14630
14639
14643
14648
14657
14657
14670
14671
14672
14682
14695
14697
14702
14716
14718
14723
14723
14733
14733
14738
14740
14742
14742
14743
14746
14750
14752
14754
14756
14756
14763
14774
14775
14784
14789
14792
14801
14803
14805
14807
14814
14817
14820
14821
14821
14836
14837
14839
14842
14846
14863
14865
14870
14871
14872
14874
14874
14875
14883
14892
14892
14899
14901
14902
14904
14904
14909
14910
14912
14919
14926
14928
14930
14936
14939
14941
14944
14946
14954
14954
14957
14957
14961
14969
14974
14977
14977
14979
14981
14985
14994
14994
14995
14996
14998
15002
15004
15005
15009
15009
15013
15014
15016
15022
15024
15028
15028
15031
15032
15036
15041
15047
15053
15054
15061
15062
15069
15070
15081
15083
15085
15086
15092
15093
15098
15106
15108
15111
15113
15113
15114
15121
15127
15137
15139
15140
15143
15144
15146
15147
15147
15151
15151
15162
15164
15172
15173
15175
15177
15186
15187
15190
15199
15202
15204
15212
15213
15216
15236
15239
15243
15246
15246
15254
15258
15260
15262
15271
15276
15280
15295
15296
15298
15299
15300
15305
15307
15311
15312
15324
15326
15334
15335
15340
15343
15343
15344
15347
15349
15349
15353
15354
15356
15360
15361
15379
15382
15383
15386
15386
15386
15386
15387
15389
15391
15398
15406
15408
15408
15409
15411
15412
15412
15415
15415
15416
15419
15421
15423
15423
15423
15440
15441
15446
15451
15451
15452
15457
15457
15463
15464
15469
15470
15472
15475
15481
15482
15489
15492
15496
15507
15509
15511
15515
15518
15520
15522
15523
15530
15541
15548
15550
15553
15555
15559
15560
15575
15580
15584
15589
15590
15601
15603
15606
15614
15614
15620
15622
15632
15635
15642
15647
15647
15660
15660
15661
15662
15667
15669
15673
15676
15678
15679
15679
15687
15690
15693
15697
15699
15699
15699
15701
15701
15705
15707
15718
15724
15727
15730
15734
15740
15745
15747
15750
15751
15757
15759
15760
15765
15766
15768
15778
15795
15803
15803
15807
15809
15811
15826
15840
15845
15850
15853
15854
15854
15858
15870
15873
15875
15875
15877
15878
15883
15884
15888
15888
15892
15892
15897
15900
15900
15903
15904
15912
15913
15914
15918
15921
15924
15924
15926
15926
15926
15927
15927
15928
15929
15930
15931
15934
15938
15940
15944
15951
15954
15959
15959
15959
15963
15964
15964
15973
15973
15975
15976
15981
15990
15991
15991
16001
16001
16006
16012
16013
16015
16015
16018
16019
16020
16024
16028
16031
16033
16034
16036
16044
16044
16047
16058
16062
16066
16069
16075
16077
16084
16085
16093
16093
16094
16094
16094
16095
16098
16105
16108
16108
16110
16110
16118
16127
16130
16131
16138
16141
16148
16149
16155
16161
16166
16172
16172
16175
16177
16183
16186
16190
16190
16193
16194
16197
16199
16201
16203
16204
16208
16209
16209
16215
16218
16227
16230
16232
16237
16243
16250
16251
16254
16255
16258
16264
16274
16274
16280
16286
16292
16292
16294
16295
16302
16306
16306
16309
16314
16328
16330
16330
16336
16336
16337
16338
16345
16359
16361
16361
16362
16366
16368
16375
16377
16381
16386
16387
16389
16392
16393
16401
16402
16404
16405
16410
16415
16422
16425
16445
16452
16457
16460
16465
16466
16468
16469
16472
16481
16487
16489
16490
16491
16492
16495
16497
16498
16500
16503
16507
16508
16518
16533
16533
16534
16538
16542
16543
16556
16558
16561
16574
16579
16579
16581
16582
16584
16599
16600
16600
16604
16605
16606
16614
16620
16620
16631
16635
16637
16645
16648
16657
16660
16663
16668
16668
16670
16675
16676
16685
16687
16692
16698
16699
16699
16702
16703
16704
16708
16712
16715
16716
16719
16734
16735
16738
16738
16739
16741
16753
16754
16765
16766
16769
16769
16775
16777
16780
16791
16794
16799
16803
16812
16814
16823
16824
16829
16831
16843
16854
16855
16857
16865
16869
16880
16881
16882
16888
16894
16898
16902
16902
16902
16903
16907
16907
16911
16915
16916
16918
16922
16922
16923
16925
16930
16941
16942
16964
16964
16979
16982
16993
17002
17007
17010
17011
17011
17011
17017
17025
17049
17052
17055
17056
17062
17069
17075
17075
17075
17076
17081
17082
17082
17082
17082
17089
17091
17104
17112
17114
17117
17120
17122
17125
17129
17129
17133
17139
17139
17144
17144
17148
17150
17151
17152
17155
17161
17162
17166
17167
17167
17169
17173
17178
17180
17191
17192
17201
17204
17214
17220
17229
17229
17230
17231
17236
17237
17240
17240
17243
17246
17253
17268
17268
17275
17286
17297
17297
17303
17304
17307
17321
17322
17324
17336
17336
17337
17339
17349
17350
17360
17373
17377
17379
17382
17388
17391
17393
17399
17407
17408
17420
17428
17429
17436
17445
17448
17450
17452
17459
17461
17461
17462
17465
17479
17486
17494
17497
17498
17504
17505
17510
17512
17518
17520
17528
17530
17534
17540
17541
17543
17552
17555
17560
17562
17564
17564
17564
17565
17568
17575
17584
17587
17594
17596
17611
17617
17619
17622
17624
17631
17632
17635
17643
17660
17660
17662
17663
17664
17666
17681
17685
17689
17689
17690
17696
17696
17703
17704
17712
17713
17717
17722
17724
17726
17729
17732
17742
17743
17751
17751
17763
17768
17774
17779
17789
17793
17794
17799
17804
17805
17805
17807
17811
17813
17817
17823
17827
17834
17836
17838
17840
17844
17850
17861
17862
17863
17868
17872
17885
17886
17890
17895
17899
17910
17912
17917
17918
17918
17922
17925
17926
17926
17928
17928
17936
17939
17941
17954
17959
17961
17964
17966
17967
17975
17982
17983
17983
17988
17988
17999
18008
18016
18019
18023
18024
18026
18028
18031
18031
18031
18032
18034
18048
18048
18058
18062
18063
18065
18065
18070
18071
18073
18076
18077
18085
18087
18089
18090
18091
18098
18099
18108
18113
18119
18122
18125
18130
18140
18142
18150
18153
18155
18156
18157
18160
18164
18166
18176
18176
18185
18188
18189
18191
18191
18192
18192
18198
18198
18203
18205
18206
18208
18223
18228
18230
18237
18243
18247
18254
18269
18277
18278
18279
18279
18282
18285
18288
18288
18294
18294
18301
18309
18312
18319
18321
18325
18331
18336
18338
18340
18345
18347
18352
18368
18370
18373
18384
18392
18394
18403
18408
18412
18419
18423
18428
18434
18435
18437
18446
18450
18450
18452
18463
18473
18473
18474
18474
18480
18481
18486
18486
18491
18493
18497
18503
18505
18507
18509
18512
18514
18535
18552
18556
18560
18560
18568
18581
18587
18589
18592
18592
18600
18603
18609
18610
18617
18619
18620
18621
18622
18623
18626
18627
18632
18632
18633
18635
18636
18644
18645
18648
18648
18650
18652
18652
18653
18653
18659
18664
18668
18668
18669
18671
18679
18683
18686
18687
18702
18715
18717
18722
18723
18723
18727
18728
18729
18733
18733
18735
18738
18749
18751
18753
18754
18758
18759
18761
18768
18768
18771
18776
18778
18779
18782
18786
18788
18790
18791
18794
18796
18797
18799
18800
18802
18805
18813
18815
18815
18820
18824
18826
18829
18832
18837
18848
18852
18853
18857
18867
18872
18873
18873
18874
18881
18889
18891
18896
18904
18905
18905
18907
18912
18917
18919
18927
18930
18933
18944
18946
18947
18949
18951
18953
18962
18968
18972
18973
18978
18980
18983
18988
18988
18991
19004
19004
19006
19012
19013
19015
19019
19030
19031
19033
19044
19048
19050
19060
19066
19066
19073
19075
19077
19077
19078
19083
19088
19092
19092
19096
19098
19104
19109
19110
19115
19116
19122
19123
19124
19137
19138
19144
19147
19160
19162
19163
19164
19167
19183
19187
19187
19189
19196
19198
19206
19208
19210
19216
19226
19228
19237
19237
19253
19257
19258
19260
19264
19264
19266
19270
19275
19280
19287
19287
19296
19300
19310
19314
19314
19315
19317
19329
19336
19349
19349
19354
19360
19370
19375
19381
19385
19387
19388
19394
19421
19421
19422
19422
19424
19432
19435
19438
19448
19453
19456
19466
19477
19480
19499
19520
19521
19521
19527
19537
19537
19540
19544
19554
19555
19556
19557
19560
19582
19586
19593
19594
19596
19598
19599
19602
19609
19610
19610
19611
19620
19626
19627
19627
19638
19644
19646
19659
19661
19669
19670
19671
19672
19673
19683
19684
19686
19691
19691
19692
19696
19707
19713
19715
19733
19733
19734
19736
19741
19744
19745
19748
19748
19749
19751
19761
19766
19771
19774
19778
19781
19782
19796
19799
19808
19811
19813
19814
19816
19820
19835
19848
19850
19860
19870
19876
19876
19880
19880
19886
19889
19890
19894
19895
19896
19901
19902
19915
19916
19918
19926
19933
19934
19937
19938
19939
19943
19950
19952
19952
19955
19956
19960
19960
19969
19971
19972
19976
19979
19982
19988
19991
19993
19995
19999
20001
20001
20006
20011
20013
20016
20017
20018
20022
20033
20038
20046
20048
20059
20063
20071
20073
20077
20095
20098
20114
20114
20114
20117
20118
20130
20133
20146
20150
20153
20155
20156
20158
20162
20171
20180
20192
20200
20201
20203
20211
20215
20216
20216
20218
20222
20229
20230
20232
20234
20236
20240
20246
20254
20273
20277
20283
20285
20287
20291
20295
20300
20300
20301
20301
20302
20303
20306
20308
20309
20309
20313
20314
20319
20324
20341
20369
20379
20381
20385
20387
20393
20400
20417
20425
20426
20427
20435
20437
20438
20440
20447
20452
20456
20457
20468
20469
20475
20477
20478
20480
20486
20493
20495
20500
20502
20503
20507
20509
20510
20511
20526
20527
20545
20550
20559
20560
20562
20570
20571
20573
20574
20577
20577
20579
20582
20584
20585
20593
20598
20601
20604
20606
20610
20610
20618
20625
20626
20630
20639
20643
20652
20657
20659
20662
20664
20665
20665
20666
20667
20674
20689
20695
20696
20704
20705
20707
20709
20715
20719
20725
20738
20744
20749
20755
20767
20778
20782
20786
20789
20791
20802
20806
20807
20808
20814
20822
20824
20827
20833
20843
20845
20848
20858
20864
20872
20873
20875
20880
20890
20893
20902
20908
20908
20911
20916
20922
20927
20937
20942
20948
20950
20951
20952
20952
20957
20973
20974
20977
20984
20984
20987
20991
20992
20992
20992
21007
21009
21020
21022
21022
21033
21040
21046
21049
21056
21057
21061
21064
21066
21071
21072
21073
21077
21084
21087
21088
21090
21093
21098
21099
21100
21107
21107
21124
21126
21126
21128
21129
21131
21137
21137
21137
21141
21141
21144
21147
21163
21163
21165
21170
21172
21174
21174
21180
21181
21181
21183
21195
21197
21197
21197
21206
21208
21210
21212
21216
21218
21222
21229
21242
21245
21248
21249
21250
21251
21251
21254
21258
21259
21261
21264
21265
21268
21269
21272
21275
21278
21279
21280
21288
21294
21294
21298
21302
21305
21307
21309
21309
21310
21314
21318
21322
21336
21337
21339
21339
21349
21349
21350
21353
21355
21357
21358
21358
21359
21363
21373
21377
21381
21382
21383
21386
21389
21389
21398
21399
21404
21407
21408
21421
21424
21427
21436
21441
21441
21444
21447
21456
21464
21469
21470
21471
21473
21475
21477
21478
21481
21485
21491
21492
21495
21502
21503
21504
21507
21515
21521
21521
21527
21534
21539
21546
21557
21560
21563
21575
21584
21587
21597
21597
21619
21630
21636
21639
21645
21649
21649
21652
21655
21661
21664
21666
21668
21670
21684
21691
21693
21697
21697
21701
21702
21706
21715
21717
21731
21741
21744
21745
21752
21753
21753
21756
21763
21764
21764
21768
21770
21778
21782
21784
21787
21800
21800
21803
21812
21820
21820
21820
21835
21836
21847
21856
21858
21860
21862
21865
21870
21871
21875
21876
21876
21885
21885
21891
21903
21905
21909
21911
21922
21924
21925
21928
21929
21932
21938
21939
21959
21960
21963
21964
21970
21973
21976
21977
21978
21992
22008
22011
22013
22013
22014
22018
22027
22034
22035
22036
22038
22040
22044
22044
22061
22066
22067
22068
22070
22071
22071
22072
22078
22078
22091
22094
22098
22102
22122
22125
22127
22129
22141
22146
22151
22152
22153
22156
22163
22164
22175
22185
22196
22198
22200
22203
22205
22220
22221
22221
22222
22223
22229
22232
22232
22233
22234
22237
22247
22254
22270
22276
22289
22289
22291
22293
22300
22301
22305
22306
22308
22309
22313
22320
22323
22324
22327
22328
22332
22340
22340
22342
22342
22347
22347
22349
22366
22369
22377
22379
22379
22396
22399
22401
22415
22418
22422
22427
22432
22442
22451
22457
22461
22461
22463
22465
22467
22467
22469
22470
22474
22477
22487
22488
22494
22514
22518
22520
22521
22524
22526
22535
22545
22548
22550
22551
22552
22553
22554
22559
22559
22560
22562
22562
22566
22568
22569
22570
22580
22581
22582
22583
22583
22584
22586
22597
22598
22622
22623
22623
22624
22627
22629
22629
22632
22635
22640
22640
22641
22643
22643
22646
22646
22651
22658
22660
22665
22666
22672
22685
22692
22695
22702
22704
22705
22708
22709
22716
22717
22718
22728
22732
22732
22741
22758
22764
22771
22784
22795
22797
22799
22805
22807
22810
22810
22817
22838
22841
22843
22843
22844
22845
22845
22846
22847
22849
22850
22850
22853
22855
22867
22868
22869
22871
22873
22886
22886
22887
22889
22908
22910
22912
22916
22920
22928
22930
22932
22961
22962
22967
22970
22971
22977
22980
22981
22981
22987
22988
22995
23005
23009
23016
23022
23026
23035
23035
23036
23044
23047
23048
23059
23066
23066
23067
23070
23070
23081
23088
23093
23096
23097
23098
23098
23098
23101
23104
23105
23108
23109
23110
23112
23115
23125
23130
23132
23136
23141
23148
23148
23150
23158
23161
23166
23166
23168
23174
23179
23183
23183
23184
23189
23212
23212
23216
23224
23228
23245
23247
23254
23256
23262
23266
23266
23270
23282
23286
23290
23296
23300
23303
23305
23307
23315
23319
23320
23322
23329
23332
23335
23340
23344
23345
23348
23353
23360
23364
23366
23371
23379
23381
23387
23390
23399
23400
23404
23404
23407
23421
23427
23427
23429
23433
23434
23435
23441
23443
23445
23445
23447
23451
23456
23459
23468
23471
23472
23479
23480
23484
23484
23492
23495
23502
23511
23513
23524
23528
23530
23534
23535
23538
23540
23548
23549
23553
23554
23554
23554
23557
23557
23565
23569
23574
23582
23584
23589
23593
23597
23598
23600
23602
23603
23604
23609
23614
23623
23625
23625
23635
23638
23649
23650
23651
23653
23656
23657
23657
23657
23660
23666
23671
23678
23684
23687
23697
23698
23699
23711
23713
23716
23718
23719
23726
23728
23729
23733
23733
23743
23749
23757
23758
23764
23765
23774
23779
23780
23781
23783
23787
23797
23801
23802
23802
23807
23807
23810
23813
23816
23818
23825
23828
23830
23839
23842
23844
23847
23854
23856
23856
23868
23873
23888
23891
23893
23900
23903
23907
23908
23910
23912
23914
23916
23928
23936
23939
23945
23946
23950
23954
23956
23958
23962
23975
23980
23982
23984
23985
23986
23987
23990
23991
23991
24011
24016
24017
24019
24022
24026
24026
24029
24033
24036
24038
24050
24062
24062
24063
24065
24067
24071
24074
24078
24084
24085
24085
24104
24105
24107
24117
24121
24122
24124
24127
24130
24132
24141
24143
24144
24150
24156
24157
24159
24161
24164
24167
24174
24175
24177
24183
24200
24200
24201
24201
24204
24206
24219
24223
24225
24226
24229
24230
24232
24234
24238
24238
24239
24250
24252
24253
24256
24263
24264
24268
24274
24279
24281
24283
24287
24288
24288
24289
24294
24297
24300
24301
24301
24302
24304
24310
24317
24319
24321
24323
24325
24334
24341
24341
24345
24362
24364
24366
24381
24382
24391
24404
24404
24405
24406
24417
24419
24419
24422
24427
24431
24435
24440
24444
24446
24450
24451
24455
24456
24459
24462
24466
24480
24484
24496
24499
24500
24501
24502
24518
24523
24525
24529
24535
24549
24563
24575
24580
24581
24586
24586
24607
24611
24619
24623
24623
24627
24630
24632
24641
24659
24669
24675
24677
24687
24688
24688
24690
24694
24696
24698
24701
24703
24704
24717
24730
24733
24733
24735
24741
24743
24750
24752
24754
24767
24769
24771
24771
24775
24779
24782
24783
24789
24790
24790
24790
24792
24794
24796
24797
24798
24799
24800
24808
24811
24815
24819
24824
24837
24843
24845
24847
24856
24861
24862
24869
24877
24885
24885
24886
24886
24888
24902
24903
24904
24908
24909
24911
24925
24927
24932
24935
24935
24938
24946
24949
24950
24955
24957
24959
24959
24962
24963
24969
24980
24982
24984
24987
24988
24991
24999
25002
25003
25007
25016
25017
25019
25024
25028
25036
25038
25044
25044
25048
25059
25061
25063
25066
25068
25071
25074
25074
25075
25076
25078
25079
25086
25087
25087
25095
25099
25112
25114
25115
25116
25116
25120
25123
25128
25140
25143
25154
25158
25170
25170
25172
25177
25180
25181
25187
25190
25197
25199
25201
25202
25203
25206
25213
25229
25231
25232
25234
25234
25235
25236
25238
25238
25243
25245
25250
25252
25252
25256
25262
25271
25278
25281
25287
25287
25292
25297
25307
25307
25309
25311
25313
25316
25324
25325
25343
25345
25353
25353
25355
25358
25361
25362
25368
25389
25390
25393
25393
25395
25401
25405
25408
25409
25412
25412
25419
25421
25432
25436
25436
25442
25444
25453
25454
25456
25461
25465
25472
25477
25479
25479
25479
25480
25481
25487
25489
25497
25498
25500
25500
25501
25502
25508
25509
25510
25514
25518
25521
25530
25531
25540
25542
25546
25549
25549
25551
25552
25562
25564
25564
25566
25566
25568
25571
25577
25579
25581
25586
25587
25591
25594
25599
25603
25604
25612
25613
25617
25619
25626
25638
25644
25646
25651
25652
25653
25656
25657
25658
25663
25666
25669
25678
25679
25683
25686
25688
25689
25694
25694
25695
25696
25697
25701
25712
25715
25717
25719
25722
25724
25741
25746
25747
25752
25755
25761
25764
25767
25771
25781
25784
25784
25805
25806
25807
25808
25817
25824
25826
25828
25831
25834
25835
25843
25850
25858
25860
25861
25876
25880
25881
25883
25887
25906
25909
25914
25914
25916
25916
25918
25920
25920
25921
25927
25940
25943
25946
25951
25955
25959
25960
25969
25974
25975
25978
25978
25980
25981
25982
25985
25996
25998
26000
26005
26005
26015
26022
26023
26023
26024
26024
26024
26027
26027
26027
26031
26035
26056
26063
26064
26080
26089
26090
26090
26101
26105
26105
26109
26123
26128
26136
26139
26150
26155
26159
26164
26172
26179
26190
26190
26192
26194
26198
26207
26208
26209
26211
26211
26217
26222
26224
26228
26230
26242
26244
26246
26246
26250
26259
26260
26262
26264
26264
26265
26268
26273
26276
26276
26287
26288
26295
26301
26308
26308
26312
26314
26318
26319
26321
26326
26328
26329
26333
26339
26345
26349
26352
26355
26362
26362
26362
26363
26373
26375
26392
26402
26403
26404
26404
26404
26421
26425
26429
26432
26440
26445
26455
26461
26468
26469
26472
26477
26477
26478
26487
26493
26498
26498
26504
26507
26513
26516
26520
26523
26530
26539
26544
26551
26552
26559
26561
26568
26577
26578
26584
26586
26589
26600
26602
26603
26604
26606
26606
26612
26615
26620
26621
26623
26634
26637
26640
26640
26646
26646
26649
26650
26651
26656
26659
26661
26664
26671
26687
26691
26691
26692
26695
26699
26703
26714
26716
26720
26723
26726
26731
26733
26743
26745
26746
26747
26749
26771
26772
26778
26780
26780
26781
26786
26787
26791
26798
26799
26802
26813
26814
26818
26829
26851
26868
26870
26878
26878
26881
26884
26885
26885
26887
26893
26899
26899
26907
26917
26925
26925
26930
26931
26932
26935
26941
26944
26947
26948
26949
26949
26956
26959
26960
26961
26962
26968
26970
26972
26972
26974
26974
26986
26986
26990
26994
26994
26994
27000
27008
27010
27014
27019
27022
27033
27042
27062
27066
27068
27071
27072
27073
27079
27079
27082
27085
27089
27090
27090
27093
27093
27095
27096
27100
27112
27113
27113
27119
27120
27129
27130
27138
27145
27156
27158
27162
27167
27172
27176
27179
27185
27187
27190
27193
27193
27199
27199
27203
27204
27205
27211
27211
27214
27219
27220
27224
27225
27226
27227
27228
27232
27233
27234
27234
27235
27236
27239
27240
27241
27243
27244
27260
27260
27268
27270
27276
27283
27285
27286
27290
27291
27291
27293
27294
27302
27314
27314
27316
27317
27320
27321
27322
27326
27328
27329
27330
27332
27334
27335
27350
27355
27358
27358
27362
27367
27368
27369
27370
27371
27377
27380
27382
27383
27392
27393
27393
27397
27398
27401
27402
27403
27415
27418
27420
27421
27430
27441
27444
27447
27453
27459
27460
27469
27473
27480
27481
27484
27484
27490
27490
27494
27501
27503
27509
27513
27516
27520
27528
27530
27532
27534
27536
27543
27551
27554
27561
27564
27567
27577
27577
27580
27583
27584
27587
27594
27600
27604
27606
27608
27611
27617
27619
27623
27639
27642
27643
27645
27648
27651
27653
27661
27666
27667
27667
27686
27690
27693
27694
27696
27700
27700
27704
27704
27723
27725
27730
27734
27744
27746
27757
27759
27762
27763
27773
27774
27778
27779
27790
27794
27805
27810
27814
27816
27821
27822
27823
27824
27826
27827
27835
27845
27851
27855
27881
27885
27895
27895
27896
27903
27909
27915
27917
27938
27939
27939
27941
27943
27944
27945
27947
27956
27967
27971
27975
27976
27978
27981
27982
27989
27990
27990
27999
27999
28002
28008
28010
28015
28017
28019
28020
28027
28029
28029
28031
28034
28038
28040
28044
28047
28051
28067
28074
28076
28088
28097
28099
28112
28129
28141
28153
28156
28160
28161
28166
28174
28176
28177
28178
28181
28181
28183
28186
28186
28190
28191
28194
28194
28198
28199
28201
28205
28209
28214
28217
28220
28227
28230
28238
28239
28241
28265
28266
28271
28274
28279
28283
28292
28295
28299
28300
28303
28312
28326
28336
28336
28338
28341
28343
28351
28354
28358
28366
28368
28374
28374
28374
28374
28380
28385
28392
28393
28401
28402
28415
28417
28421
28423
28430
28437
28441
28442
28445
28447
28456
28465
28468
28472
28473
28479
28479
28482
28483
28485
28488
28488
28490
28503
28516
28518
28520
28526
28529
28530
28534
28537
28545
28546
28547
28558
28558
28564
28568
28569
28571
28572
28573
28575
28576
28583
28598
28600
28604
28626
28628
28644
28646
28646
28647
28663
28669
28669
28671
28693
28698
28705
28705
28713
28713
28715
28716
28718
28725
28728
28732
28733
28739
28740
28748
28749
28760
28775
28778
28778
28783
28791
28791
28792
28795
28799
28807
28810
28820
28822
28822
28831
28839
28840
28842
28847
28849
28852
28878
28879
28881
28883
28885
28886
28887
28888
28892
28912
28912
28913
28914
28919
28919
28927
28929
28937
28941
28944
28945
28951
28956
28957
28957
28962
28964
28967
28969
28978
28984
28986
29001
29005
29007
29008
29011
29015
29024
29028
29036
29043
29048
29057
29058
29065
29066
29067
29067
29069
29072
29074
29076
29078
29080
29082
29090
29113
29113
29117
29122
29125
29128
29130
29133
29135
29135
29136
29136
29146
29153
29167
29170
29172
29173
29179
29180
29183
29186
29193
29195
29199
29211
29212
29221
29232
29233
29233
29246
29247
29252
29257
29267
29274
29274
29281
29286
29293
29294
29296
29303
29307
29309
29310
29320
29321
29336
29337
29348
29351
29351
29352
29352
29352
29353
29359
29365
29371
29373
29381
29397
29398
29402
29405
29419
29424
29425
29425
29426
29433
29441
29450
29451
29459
29464
29472
29474
29480
29482
29489
29492
29496
29498
29506
29508
29514
29514
29520
29527
29528
29533
29536
29538
29544
29545
29549
29549
29555
29558
29565
29567
29567
29570
29570
29571
29580
29582
29582
29583
29585
29590
29591
29591
29607
29618
29626
29628
29644
29646
29650
29656
29658
29659
29659
29667
29667
29668
29668
29672
29674
29677
29680
29681
29691
29692
29700
29704
29710
29711
29717
29723
29728
29728
29729
29729
29729
29733
29734
29734
29735
29742
29742
29744
29747
29758
29762
29770
29775
29783
29784
29785
29789
29790
29791
29801
29803
29806
29810
29812
29812
29813
29814
29818
29822
29827
29828
29836
29840
29841
29841
29844
29857
29872
29875
29878
29882
29885
29888
29892
29903
29906
29912
29921
29923
29930
29938
29948
29961
29963
29967
29967
29978
29984
29986
29986
29991
29995
30001
30002
30005
30012
30016
30019
30019
30023
30023
30024
30027
30032
30032
30034
30037
30037
30039
30048
30061
30062
30065
30067
30072
30082
30085
30088
30100
30100
30121
30121
30122
30124
30128
30129
30129
30136
30139
30140
30145
30146
30156
30163
30191
30193
30198
30207
30208
30208
30209
30211
30221
30228
30230
30237
30238
30240
30244
30247
30252
30255
30255
30279
30286
30286
30290
30291
30297
30304
30307
30311
30313
30313
30316
30318
30318
30321
30325
30328
30329
30331
30331
30336
30340
30346
30348
30350
30350
30350
30351
30363
30367
30369
30374
30377
30378
30386
30388
30391
30392
30393
30393
30395
30399
30402
30409
30411
30415
30418
30427
30428
30428
30429
30430
30430
30432
30434
30442
30449
30449
30451
30451
30459
30462
30464
30473
30474
30475
30484
30484
30485
30485
30489
30492
30493
30497
30499
30506
30508
30524
30525
30527
30528
30533
30533
30535
30538
30543
30543
30546
30551
30561
30572
30575
30576
30577
30577
30578
30580
30581
30584
30584
30589
30596
30596
30601
30601
30606
30607
30607
30614
30615
30626
30631
30636
30638
30639
30641
30652
30657
30659
30665
30666
30679
30683
30683
30687
30689
30695
30696
30697
30700
30704
30705
30706
30716
30716
30721
30727
30728
30731
30736
30745
30748
30748
30750
30752
30760
30767
30767
30768
30772
30778
30778
30778
30783
30783
30788
30789
30793
30794
30795
30795
30802
30804
30811
30811
30813
30817
30820
30822
30824
30825
30826
30830
30831
30833
30834
30847
30849
30851
30853
30859
30859
30862
30866
30868
30872
30873
30885
30898
30901
30902
30905
30905
30911
30912
30916
30923
30931
30933
30938
30940
30942
30947
30967
30969
30969
30969
30969
30970
30970
30970
30979
30983
30984
30987
30988
30996
30999
31004
31004
31014
31015
31017
31030
31042
31048
31051
31065
31067
31072
31078
31082
31083
31085
31091
31100
31109
31116
31128
31129
31131
31132
31142
31142
31151
31160
31171
31172
31176
31185
31185
31194
31196
31208
31213
31216
31223
31225
31230
31233
31236
31239
31241
31245
31248
31251
31251
31252
31253
31253
31253
31254
31254
31255
31261
31263
31265
31266
31277
31301
31303
31304
31305
31313
31318
31322
31322
31325
31326
31330
31340
31340
31361
31373
31375
31382
31383
31389
31390
31390
31394
31402
31409
31409
31419
31420
31428
31436
31437
31445
31445
31451
31455
31473
31474
31491
31494
31497
31497
31500
31509
31522
31524
31526
31528
31529
31532
31534
31535
31544
31544
31547
31552
31564
31565
31572
31574
31577
31585
31594
31595
31598
31600
31600
31604
31606
31614
31619
31623
31626
31630
31631
31632
31640
31640
31644
31645
31646
31650
31672
31678
31687
31690
31690
31700
31700
31707
31714
31716
31717
31718
31720
31722
31722
31723
31734
31739
31740
31742
31745
31747
31747
31755
31758
31758
31765
31766
31768
31775
31779
31780
31789
31789
31789
31796
31801
31802
31802
31805
31806
31816
31819
31820
31820
31822
31827
31827
31833
31834
31843
31843
31849
31853
31862
31862
31865
31868
31872
31879
31880
31882
31884
31886
31888
31892
31893
31895
31904
31913
31916
31918
31920
31921
31921
31927
31929
31932
31938
31945
31955
31963
31963
31964
31968
31969
31982
31982
31990
31996
31996
31998
31998
32003
32005
32008
32009
32014
32018
32022
32023
32027
32044
32051
32068
32069
32072
32076
32080
32087
32089
32094
32097
32101
32101
32108
32108
32110
32122
32127
32128
32134
32145
32147
32152
32157
32159
32160
32162
32165
32176
32184
32186
32195
32195
32200
32201
32207
32210
32211
32213
32227
32230
32231
32233
32235
32237
32240
32245
32251
32259
32265
32269
32271
32272
32275
32278
32283
32295
32298
32298
32299
32301
32302
32312
32316
32317
32318
32329
32329
32329
32329
32335
32337
32338
32338
32341
32345
32347
32360
32367
32369
32374
32375
32375
32376
32376
32379
32387
32394
32395
32396
32396
32405
32408
32414
32418
32422
32424
32433
32439
32445
32455
32457
32458
32470
32471
32471
32477
32486
32489
32489
32498
32503
32503
32505
32505
32507
32514
32523
32526
32529
32533
32534
32539
32550
32552
32552
32554
32557
32573
32588
32595
32595
32596
32597
32602
32605
32608
32610
32611
32612
32613
32613
32619
32633
32637
32641
32643
32644
32653
32653
32655
32659
32659
32666
32666
32666
32669
32672
32673
32673
32677
32683
32683
32691
32697
32709
32711
32713
32723
32728
32742
32746
32752
32762
32764
32765
32774
32776
32779
32782
32786
32786
32790
32793
32796
32796
32802
32808
32809
32809
32810
32811
32812
32813
32820
32826
32830
32830
32831
32832
32839
32841
32845
32851
32858
32861
32863
32863
32871
32876
32877
32880
32890
32892
32902
32906
32909
32918
32923
32927
32927
32947
32951
32951
32952
32953
32954
32954
32955
32964
32975
32975
32977
32984
32986
32987
32989
32990
32993
32996
33000
33000
33013
33022
33023
33025
33034
33036
33040
33042
33043
33057
33074
33077
33079
33081
33081
33083
33084
33088
33092
33092
33101
33103
33110
33117
33120
33129
33131
33132
33135
33135
33154
33173
33177
33180
33181
33184
33191
33196
33205
33208
33209
33214
33221
33222
33224
33235
33239
33244
33245
33245
33246
33249
33250
33256
33257
33258
33259
33259
33263
33273
33274
33275
33295
33308
33310
33313
33315
33331
33332
33333
33334
33340
33341
33344
33361
33370
33375
33377
33380
33390
33393
33394
33394
33395
33396
33398
33403
33405
33414
33415
33419
33422
33429
33429
33433
33436
33440
33446
33447
33447
33459
33460
33462
33465
33474
33480
33480
33489
33489
33490
33491
33491
33491
33493
33506
33507
33518
33525
33531
33536
33540
33540
33543
33543
33545
33556
33557
33557
33557
33558
33561
33565
33567
33583
33586
33589
33597
33599
33617
33620
33626
33628
33632
33633
33634
33651
33655
33656
33659
33659
33666
33672
33677
33678
33688
33690
33699
33703
33712
33713
33716
33717
33729
33731
33731
33736
33738
33740
33742
33745
33748
33748
33752
33756
33761
33764
33768
33769
33770
33772
33779
33796
33803
33807
33807
33810
33812
33813
33824
33828
33835
33836
33840
33847
33851
33852
33862
33864
33869
33872
33873
33877
33880
33884
33889
33894
33902
33924
33925
33926
33926
33945
33947
33951
33952
33958
33959
33973
33974
33978
33983
33986
33989
34004
34007
34022
34023
34025
34032
34038
34045
34047
34049
34049
34059
34060
34065
34066
34072
34081
34082
34085
34086
34088
34094
34097
34099
34105
34112
34116
34116
34118
34121
34125
34127
34131
34134
34142
34144
34145
34146
34155
34155
34161
34162
34167
34168
34169
34180
34182
34184
34188
34192
34196
34198
34199
34203
34206
34209
34217
34221
34223
34225
34226
34229
34233
34240
34250
34262
34263
34263
34267
34267
34269
34274
34280
34282
34283
34285
34288
34293
34300
34302
34304
34305
34309
34311
34311
34313
34319
34324
34326
34327
34327
34329
34335
34341
34343
34345
34346
34348
34349
34352
34371
34375
34380
34386
34386
34396
34398
34401
34401
34402
34403
34407
34409
34416
34417
34417
34419
34420
34425
34429
34430
34430
34434
34442
34446
34447
34449
34456
34458
34463
34464
34467
34467
34469
34471
34474
34479
34484
34484
34487
34492
34493
34493
34494
34495
34495
34497
34499
34500
34508
34517
34517
34518
34520
34527
34531
34533
34535
34536
34536
34538
34542
34544
34549
34553
34556
34562
34564
34569
34572
34574
34578
34581
34584
34589
34591
34591
34596
34600
34607
34607
34607
34608
34618
34622
34631
34634
34639
34649
34656
34656
34656
34659
34661
34664
34667
34672
34673
34683
34683
34685
34694
34695
34703
34706
34710
34710
34716
34720
34721
34729
34732
34734
34737
34746
34747
34748
34748
34750
34755
34758
34759
34770
34774
34785
34786
34791
34792
34802
34802
34805
34807
34808
34821
34821
34825
34826
34832
34834
34841
34841
34849
34851
34852
34854
34854
34857
34860
34870
34874
34878
34880
34885
34885
34888
34889
34898
34902
34907
34908
34910
34911
34913
34913
34914
34915
34920
34923
34924
34927
34931
34935
34946
34951
34951
34956
34957
34962
34962
34966
34978
34978
34985
34985
34987
34992
34995
34999
34999
35003
35014
35022
35027
35030
35031
35034
35043
35046
35067
35072
35074
35076
35077
35085
35085
35090
35095
35098
35101
35107
35110
35115
35115
35118
35119
35120
35125
35137
35137
35139
35142
35142
35142
35145
35146
35148
35154
35162
35170
35171
35179
35182
35187
35188
35189
35193
35194
35201
35213
35216
35217
35219
35226
35230
35232
35234
35241
35259
35259
35261
35262
35265
35267
35268
35270
35275
35277
35282
35282
35293
35296
35298
35301
35303
35315
35320
35321
35331
35334
35340
35342
35343
35344
35345
35347
35348
35350
35351
35353
35354
35355
35360
35373
35383
35384
35394
35405
35409
35411
35413
35414
35423
35430
35442
35448
35452
35458
35458
35459
35471
35479
35481
35482
35483
35486
35496
35498
35501
35502
35505
35509
35511
35516
35519
35520
35520
35523
35526
35531
35541
35547
35550
35552
35559
35560
35560
35567
35570
35573
35581
35586
35587
35590
35596
35599
35600
35600
35607
35610
35625
35627
35630
35631
35642
35642
35654
35660
35665
35681
35682
35685
35687
35689
35693
35698
35707
35709
35710
35712
35715
35718
35719
35724
35725
35726
35732
35733
35741
35741
35747
35748
35751
35754
35758
35760
35760
35763
35772
35774
35779
35780
35780
35784
35785
35788
35799
35799
35802
35817
35818
35826
35828
35841
35844
35850
35851
35856
35859
35867
35867
35879
35882
35887
35896
35902
35904
35907
35912
35916
35924
35928
35929
35942
35942
35944
35946
35954
35958
35963
35969
35976
35976
35991
35992
35995
35995
35996
35997
36001
36008
36012
36032
36034
36034
36035
36037
36038
36041
36044
36048
36049
36049
36068
36071
36072
36079
36082
36090
36091
36094
36095
36096
36108
36108
36108
36110
36121
36121
36128
36132
36132
36135
36140
36142
36148
36150
36151
36159
36163
36164
36168
36172
36173
36174
36177
36181
36186
36188
36188
36191
36200
36201
36215
36217
36219
36223
36226
36228
36228
36232
36238
36242
36242
36257
36260
36265
36266
36266
36270
36275
36293
36294
36309
36309
36319
36324
36326
36332
36335
36342
36344
36347
36359
36361
36372
36373
36375
36381
36384
36384
36385
36390
36391
36394
36395
36404
36410
36413
36419
36421
36422
36425
36432
36434
36434
36435
36437
36443
36451
36454
36457
36460
36465
36470
36473
36475
36492
36499
36506
36508
36511
36514
36515
36521
36523
36526
36528
36532
36533
36541
36549
36557
36559
36560
36580
36582
36585
36587
36588
36592
36594
36596
36597
36603
36607
36609
36613
36615
36625
36626
36627
36629
36631
36641
36643
36647
36651
36661
36663
36664
36674
36674
36675
36680
36681
36685
36686
36688
36692
36693
36702
36705
36706
36708
36708
36712
36719
36720
36722
36728
36731
36739
36747
36748
36748
36751
36752
36763
36766
36768
36771
36774
36782
36792
36798
36798
36809
36809
36813
36820
36822
36833
36834
36840
36843
36848
36864
36864
36866
36873
36880
36881
36892
36895
36897
36897
36902
36907
36912
36924
36926
36927
36936
36938
36939
36944
36946
36946
36951
36951
36958
36970
36972
36982
36984
36984
36989
36992
36993
36995
37006
37008
37018
37027
37028
37031
37035
37039
37046
37047
37049
37049
37053
37062
37069
37071
37079
37086
37088
37091
37093
37098
37105
37105
37111
37112
37115
37118
37119
37120
37131
37131
37136
37161
37181
37184
37185
37186
37187
37188
37191
37192
37195
37205
37207
37207
37207
37208
37216
37222
37223
37224
37240
37244
37244
37245
37245
37251
37255
37261
37267
37268
37275
37278
37278
37284
37288
37293
37294
37299
37300
37303
37303
37306
37306
37313
37314
37314
37317
37322
37324
37330
37334
37335
37348
37352
37357
37357
37365
37369
37370
37387
37389
37399
37401
37402
37409
37412
37415
37418
37419
37425
37430
37431
37437
37439
37442
37443
37445
37447
37448
37449
37450
37452
37457
37459
37471
37477
37481
37487
37487
37488
37490
37502
37508
37509
37510
37513
37514
37514
37515
37517
37517
37522
37524
37528
37529
37530
37534
37537
37539
37539
37540
37544
37550
37551
37560
37569
37573
37581
37591
37615
37616
37616
37618
37620
37623
37628
37629
37634
37635
37637
37641
37643
37645
37647
37647
37650
37652
37652
37654
37656
37659
37664
37672
37672
37677
37678
37680
37686
37687
37688
37689
37694
37697
37700
37700
37700
37704
37708
37713
37715
37716
37732
37732
37748
37751
37751
37763
37777
37781
37781
37784
37788
37792
37802
37809
37819
37821
37824
37831
37837
37862
37863
37865
37866
37873
37884
37887
37899
37900
37913
37917
37917
37921
37929
37934
37935
37936
37942
37945
37949
37950
37951
37956
37964
37965
37977
37979
37984
37986
37989
38001
38004
38012
38029
38031
38031
38032
38038
38043
38043
38049
38056
38057
38057
38069
38069
38075
38078
38079
38086
38087
38088
38097
38106
38116
38122
38125
38125
38128
38133
38136
38136
38137
38137
38137
38142
38142
38148
38148
38149
38154
38155
38162
38166
38168
38170
38177
38178
38187
38188
38191
38196
38197
38199
38199
38200
38201
38209
38214
38223
38229
38234
38243
38246
38249
38254
38266
38279
38284
38289
38295
38295
38297
38306
38306
38312
38324
38325
38330
38331
38331
38333
38337
38337
38343
38345
38346
38357
38360
38362
38369
38370
38378
38380
38383
38384
38387
38387
38395
38399
38399
38402
38403
38405
38417
38418
38422
38424
38426
38429
38429
38430
38437
38441
38443
38444
38460
38460
38461
38463
38471
38486
38488
38489
38489
38497
38505
38513
38519
38520
38520
38525
38532
38533
38538
38538
38552
38553
38556
38560
38567
38578
38582
38584
38588
38590
38599
38610
38612
38613
38615
38622
38624
38627
38628
38629
38630
38638
38643
38648
38648
38648
38657
38661
38669
38670
38676
38678
38690
38693
38697
38700
38702
38704
38726
38732
38734
38746
38749
38765
38765
38771
38771
38772
38772
38772
38774
38775
38778
38779
38785
38785
38792
38798
38811
38811
38812
38812
38814
38815
38816
38818
38821
38829
38830
38834
38836
38840
38842
38844
38851
38851
38854
38861
38863
38865
38876
38878
38883
38892
38898
38903
38906
38908
38914
38916
38919
38921
38922
38925
38927
38927
38929
38931
38931
38943
38945
38949
38949
38951
38951
38952
38954
38958
38962
38965
38971
38985
38986
38989
38990
38990
38994
39011
39014
39023
39024
39027
39030
39031
39037
39040
39047
39050
39060
39068
39075
39077
39079
39083
39084
39087
39089
39093
39096
39096
39097
39099
39106
39107
39109
39109
39110
39120
39127
39132
39133
39135
39142
39142
39147
39149
39150
39159
39160
39160
39162
39164
39171
39174
39180
39180
39186
39190
39191
39191
39200
39203
39203
39204
39208
39209
39214
39215
39220
39222
39237
39239
39244
39244
39245
39250
39254
39254
39260
39262
39263
39270
39275
39275
39279
39286
39289
39289
39306
39308
39317
39320
39328
39337
39345
39345
39345
39348
39355
39355
39366
39368
39371
39380
39382
39387
39394
39396
39399
39400
39409
39409
39415
39424
39445
39446
39447
39453
39455
39456
39471
39471
39477
39480
39480
39482
39485
39487
39499
39500
39507
39511
39517
39519
39521
39524
39534
39535
39539
39539
39540
39548
39549
39550
39555
39560
39560
39568
39571
39572
39580
39581
39602
39607
39607
39610
39612
39618
39622
39623
39625
39627
39633
39636
39638
39639
39640
39646
39647
39658
39662
39663
39668
39672
39674
39678
39680
39680
39686
39686
39689
39694
39696
39701
39702
39709
39727
39737
39741
39743
39750
39750
39756
39763
39763
39765
39771
39772
39773
39775
39776
39777
39778
39782
39783
39783
39790
39791
39792
39793
39804
39806
39808
39809
39817
39818
39819
39819
39823
39826
39828
39830
39837
39846
39849
39849
39858
39864
39869
39871
39889
39894
39897
39899
39903
39912
39917
39926
39929
39936
39944
39946
39949
39952
39958
39982
39988
39992
39992
39994
39997
39998
39999
40000
40002
40002
40004
40006
40010
40026
40027
40032
40034
40037
40054
40055
40063
40070
40070
40072
40073
40075
40077
40084
40085
40091
40094
40098
40110
40124
40132
40136
40137
40140
40142
40143
40146
40147
40148
40153
40155
40158
40162
40167
40167
40167
40169
40177
40178
40179
40185
40187
40191
40195
40195
40201
40210
40216
40216
40217
40220
40221
40222
40228
40236
40240
40241
40241
40246
40254
40254
40260
40260
40262
40263
40268
40268
40272
40277
40283
40288
40298
40302
40303
40307
40309
40311
40321
40323
40325
40325
40329
40330
40330
40336
40337
40339
40349
40353
40366
40372
40382
40388
40389
40393
40399
40403
40404
40406
40406
40409
40409
40411
40416
40421
40423
40427
40431
40432
40439
40447
40449
40449
40454
40460
40465
40469
40470
40473
40476
40483
40493
40493
40497
40505
40510
40511
40512
40515
40518
40519
40530
40532
40533
40552
40559
40563
40565
40570
40574
40575
40576
40576
40577
40578
40583
40586
40591
40594
40594
40595
40603
40613
40618
40619
40619
40622
40629
40635
40636
40636
40649
40656
40671
40673
40675
40676
40677
40682
40684
40688
40690
40691
40694
40697
40698
40698
40702
40703
40709
40712
40713
40719
40721
40726
40727
40731
40734
40736
40739
40743
40743
40743
40744
40748
40752
40753
40753
40756
40760
40762
40764
40769
40770
40774
40774
40774
40785
40790
40792
40792
40802
40802
40803
40804
40804
40807
40811
40815
40820
40821
40833
40834
40854
40856
40864
40869
40872
40873
40874
40875
40877
40878
40879
40882
40885
40901
40904
40909
40922
40922
40928
40929
40931
40933
40939
40941
40942
40945
40950
40951
40957
40958
40960
40960
40966
40977
40987
40989
40991
40997
41001
41005
41013
41017
41018
41018
41018
41023
41025
41025
41027
41027
41042
41044
41049
41051
41051
41051
41061
41061
41077
41077
41078
41084
41088
41094
41095
41096
41097
41101
41102
41106
41118
41118
41126
41127
41127
41131
41134
41137
41141
41144
41147
41149
41150
41153
41157
41158
41169
41173
41173
41173
41175
41180
41183
41186
41196
41198
41209
41210
41215
41216
41218
41223
41224
41226
41238
41239
41250
41254
41262
41264
41265
41265
41270
41284
41292
41293
41293
41299
41299
41307
41315
41319
41319
41322
41328
41332
41332
41337
41342
41344
41345
41346
41347
41347
41348
41349
41351
41354
41361
41366
41370
41371
41373
41374
41375
41380
41381
41382
41388
41406
41410
41415
41421
41422
41426
41426
41438
41441
41443
41449
41452
41458
41461
41462
41466
41467
41469
41471
41471
41485
41487
41490
41490
41491
41501
41506
41506
41508
41510
41511
41513
41514
41514
41514
41515
41515
41515
41516
41517
41520
41521
41523
41525
41533
41541
41544
41545
41547
41549
41551
41552
41552
41566
41569
41576
41579
41580
41589
41590
41595
41598
41599
41599
41603
41609
41615
41629
41629
41629
41642
41648
41650
41650
41670
41671
41674
41676
41676
41677
41687
41691
41693
41708
41709
41723
41731
41732
41734
41744
41744
41746
41751
41753
41754
41760
41761
41762
41764
41767
41769
41775
41781
41785
41790
41792
41798
41798
41799
41802
41805
41806
41809
41809
41810
41811
41813
41815
41823
41850
41851
41859
41861
41862
41866
41868
41870
41871
41883
41889
41893
41901
41909
41912
41917
41917
41918
41926
41926
41930
41931
41937
41941
41941
41942
41948
41952
41953
41954
41956
41970
41970
41974
41977
41984
41992
41993
42003
42007
42008
42016
42024
42033
42034
42040
42048
42049
42056
42056
42061
42070
42070
42075
42077
42078
42081
42084
42093
42104
42113
42114
42122
42122
42127
42128
42140
42145
42149
42152
42156
42159
42165
42168
42183
42187
42188
42189
42194
42195
42203
42203
42217
42218
42220
42220
42220
42221
42227
42227
42231
42235
42237
42240
42246
42248
42252
42258
42267
42269
42269
42274
42278
42282
42282
42293
42293
42296
42297
42303
42304
42309
42309
42310
42310
42311
42323
42323
42327
42328
42328
42333
42334
42341
42341
42344
42345
42346
42346
42348
42351
42356
42356
42357
42373
42378
42387
42394
42400
42402
42406
42406
42406
42410
42410
42411
42412
42413
42413
42420
42420
42425
42426
42426
42434
42434
42447
42448
42449
42460
42464
42464
42464
42465
42468
42475
42475
42480
42493
42506
42508
42510
42517
42518
42520
42521
42533
42535
42541
42545
42548
42550
42560
42569
42579
42581
42588
42588
42596
42601
42603
42605
42609
42609
42610
42611
42612
42616
42622
42624
42627
42632
42633
42636
42640
42641
42645
42650
42655
42657
42660
42662
42663
42664
42675
42685
42689
42690
42691
42691
42691
42703
42703
42704
42714
42714
42714
42720
42728
42738
42739
42743
42747
42755
42762
42770
42774
42790
42791
42795
42802
42809
42819
42819
42824
42825
42825
42837
42837
42842
42843
42844
42850
42850
42851
42853
42854
42856
42856
42863
42869
42871
42873
42873
42876
42881
42885
42894
42896
42901
42903
42910
42916
42919
42919
42920
42920
42920
42925
42935
42941
42942
42942
42944
42956
42957
42957
42958
42960
42964
42966
42967
42969
42974
42975
42986
42987
42988
42997
42998
42999
43000
43001
43001
43010
43015
43026
43029
43030
43031
43040
43041
43043
43048
43053
43061
43068
43078
43085
43085
43087
43097
43110
43130
43130
43134
43143
43144
43154
43155
43158
43159
43163
43167
43169
43172
43179
43182
43183
43190
43194
43195
43196
43197
43199
43205
43212
43216
43221
43227
43236
43237
43245
43245
43249
43260
43269
43270
43280
43292
43295
43299
43300
43300
43303
43308
43310
43310
43319
43320
43323
43339
43342
43342
43348
43353
43355
43368
43372
43375
43382
43382
43388
43388
43389
43398
43404
43409
43411
43422
43429
43430
43436
43441
43444
43444
43445
43447
43448
43451
43459
43468
43469
43473
43475
43477
43479
43481
43482
43485
43488
43491
43493
43506
43516
43517
43517
43519
43520
43525
43525
43526
43531
43537
43539
43541
43545
43545
43555
43564
43565
43571
43572
43583
43587
43589
43590
43591
43603
43604
43604
43609
43610
43610
43612
43631
43631
43631
43636
43638
43644
43645
43650
43650
43656
43671
43672
43672
43681
43684
43684
43689
43691
43693
43694
43699
43705
43706
43708
43710
43710
43711
43711
43715
43716
43719
43722
43727
43727
43740
43741
43752
43755
43757
43767
43768
43769
43774
43776
43783
43786
43790
43790
43811
43825
43829
43837
43842
43854
43862
43864
43865
43867
43875
43877
43878
43882
43889
43890
43893
43895
43898
43910
43923
43929
43931
43943
43944
43948
43956
43958
43962
43976
43979
43985
43986
43992
43994
44002
44002
44003
44006
44012
44016
44017
44017
44022
44024
44033
44035
44038
44038
44041
44048
44055
44058
44061
44062
44063
44063
44067
44069
44074
44074
44077
44080
44080
44082
44090
44094
44095
44099
44103
44106
44110
44110
44112
44116
44124
44127
44131
44134
44136
44136
44137
44140
44162
44162
44167
44172
44175
44176
44178
44193
44193
44197
44199
44201
44203
44206
44214
44216
44222
44232
44233
44243
44243
44244
44270
44273
44274
44278
44282
44289
44294
44298
44305
44308
44310
44326
44331
44333
44335
44338
44340
44349
44361
44361
44364
44369
44372
44375
44376
44377
44380
44380
44380
44382
44388
44390
44391
44393
44402
44403
44406
44407
44418
44421
44422
44434
44439
44449
44454
44458
44459
44463
44463
44464
44468
44469
44471
44473
44475
44477
44483
44483
44485
44485
44486
44488
44489
44491
44494
44497
44498
44501
44503
44504
44513
44520
44522
44528
44530
44540
44542
44545
44547
44547
44550
44552
44555
44558
44575
44575
44586
44595
44604
44608
44610
44613
44613
44616
44621
44621
44622
44624
44630
44631
44640
44643
44647
44651
44657
44659
44666
44666
44666
44668
44674
44681
44685
44696
44697
44698
44702
44704
44708
44715
44723
44724
44735
44740
44741
44741
44744
44747
44748
44750
44772
44773
44774
44777
44790
44790
44792
44798
44805
44805
44822
44824
44829
44831
44834
44836
44838
44846
44848
44853
44861
44864
44868
44874
44888
44888
44889
44891
44895
44896
44909
44914
44919
44919
44925
44927
44931
44933
44935
44936
44943
44943
44944
44949
44950
44953
44956
44961
44963
44963
44964
44965
44968
44971
44975
44976
44980
44982
44986
44986
44989
44990
44990
44992
44994
45001
45002
45003
45004
45013
45015
45023
45024
45025
45026
45034
45049
45050
45051
45055
45057
45059
45060
45060
45063
45073
45074
45075
45076
45080
45081
45085
45085
45086
45090
45092
45095
45104
45104
45109
45115
45120
45127
45129
45131
45135
45145
45149
45150
45150
45152
45152
45157
45158
45162
45164
45167
45173
45175
45184
45189
45191
45192
45192
45218
45226
45233
45236
45236
45241
45249
45249
45258
45258
45260
45263
45267
45271
45278
45279
45282
45283
45287
45289
45289
45298
45300
45307
45307
45309
45317
45319
45320
45328
45329
45329
45331
45332
45333
45333
45337
45342
45346
45346
45348
45352
45353
45354
45356
45357
45357
45358
45367
45369
45372
45374
45377
45380
45387
45397
45398
45401
45405
45406
45417
45421
45422
45426
45427
45429
45431
45446
45455
45459
45462
45470
45470
45474
45475
45476
45478
45481
45486
45495
45499
45503
45505
45507
45507
45508
45513
45523
45532
45533
45537
45547
45551
45551
45557
45561
45569
45572
45576
45577
45582
45584
45586
45587
45593
45596
45603
45606
45608
45611
45617
45622
45624
45627
45635
45651
45662
45671
45684
45687
45688
45690
45690
45691
45694
45702
45706
45708
45710
45714
45719
45722
45728
45731
45735
45737
45742
45744
45746
45747
45749
45753
45753
45753
45754
45757
45773
45782
45783
45784
45784
45786
45794
45798
45799
45803
45810
45815
45816
45822
45824
45830
45830
45839
45842
45853
45858
45859
45860
45860
45866
45866
45871
45875
45878
45878
45878
45890
45890
45896
45902
45903
45904
45906
45920
45924
45934
45938
45942
45942
45944
45948
45960
45961
45961
45967
45969
45970
45970
45977
45980
45989
45990
45992
46002
46017
46018
46019
46026
46029
46031
46043
46043
46045
46049
46050
46062
46063
46066
46075
46079
46079
46082
46083
46089
46090
46090
46092
46095
46108
46113
46119
46124
46127
46134
46137
46139
46143
46145
46152
46153
46155
46159
46160
46163
46174
46178
46178
46194
46204
46205
46205
46207
46213
46216
46221
46230
46230
46240
46243
46244
46245
46248
46252
46257
46258
46264
46265
46266
46268
46270
46271
46271
46272
46289
46290
46291
46294
46299
46300
46304
46324
46328
46335
46340
46347
46348
46348
46348
46353
46355
46359
46359
46360
46361
46362
46365
46365
46366
46367
46376
46385
46386
46390
46391
46394
46396
46402
46402
46403
46404
46404
46411
46423
46430
46430
46438
46441
46442
46452
46453
46453
46461
46468
46469
46472
46477
46488
46493
46498
46506
46514
46517
46523
46525
46526
46529
46529
46532
46534
46540
46544
46545
46545
46547
46549
46553
46569
46570
46576
46579
46586
46588
46588
46589
46592
46594
46598
46602
46608
46610
46612
46618
46621
46627
46631
46631
46632
46633
46645
46646
46652
46653
46673
46674
46674
46681
46681
46684
46688
46692
46699
46700
46702
46705
46706
46706
46707
46711
46711
46716
46718
46722
46730
46732
46733
46734
46747
46750
46751
46751
46757
46777
46782
46790
46791
46794
46811
46822
46828
46832
46834
46835
46844
46845
46846
46848
46861
46863
46869
46869
46871
46879
46880
46882
46885
46889
46898
46899
46902
46912
46919
46920
46938
46939
46939
46942
46944
46949
46957
46957
46960
46963
46984
46998
47003
47008
47009
47014
47016
47016
47019
47022
47026
47027
47035
47037
47041
47048
47053
47055
47056
47061
47062
47069
47070
47083
47086
47088
47089
47103
47103
47106
47106
47110
47116
47117
47119
47121
47121
47124
47134
47138
47144
47152
47156
47157
47162
47175
47178
47188
47189
47197
47200
47203
47208
47210
47210
47216
47219
47233
47235
47240
47240
47241
47249
47251
47252
47256
47259
47259
47268
47285
47292
47294
47299
47305
47306
47311
47313
47314
47321
47325
47326
47339
47345
47351
47356
47362
47364
47365
47371
47373
47373
47376
47376
47379
47383
47384
47393
47393
47394
47395
47404
47404
47416
47420
47424
47425
47429
47442
47444
47454
47457
47457
47463
47466
47474
47479
47479
47486
47490
47492
47497
47504
47506
47513
47516
47518
47519
47522
47522
47524
47524
47525
47530
47541
47547
47561
47562
47565
47567
47572
47574
47576
47577
47578
47583
47599
47606
47607
47611
47613
47613
47613
47624
47624
47624
47641
47642
47642
47645
47656
47658
47663
47668
47674
47675
47676
47677
47677
47683
47685
47690
47691
47692
47692
47694
47694
47708
47711
47712
47713
47715
47725
47727
47727
47732
47737
47751
47751
47752
47752
47752
47759
47763
47763
47766
47766
47772
47774
47783
47791
47792
47809
47813
47820
47821
47825
47832
47833
47836
47843
47849
47850
47866
47869
47870
47871
47873
47874
47875
47880
47882
47883
47883
47884
47887
47888
47893
47894
47896
47897
47906
47906
47908
47909
47916
47916
47922
47922
47923
47924
47930
47933
47935
47937
47940
47948
47949
47950
47952
47952
47954
47958
47970
47970
47970
47974
47983
47986
47987
47989
47992
47999
48004
48007
48015
48023
48026
48027
48031
48032
48038
48039
48040
48041
48043
48045
48049
48053
48055
48057
48059
48060
48060
48089
48089
48091
48096
48100
48111
48116
48117
48119
48125
48127
48128
48137
48143
48154
48155
48159
48162
48164
48164
48168
48170
48172
48177
48179
48180
48189
48196
48199
48201
48202
48206
48206
48208
48221
48224
48242
48242
48249
48254
48259
48264
48267
48276
48278
48279
48280
48284
48286
48288
48300
48303
48308
48309
48312
48320
48324
48326
48327
48344
48348
48356
48357
48360
48361
48361
48367
48371
48372
48375
48382
48383
48384
48385
48387
48388
48390
48396
48403
48407
48410
48411
48411
48414
48418
48419
48420
48422
48430
48431
48431
48431
48432
48433
48438
48449
48453
48465
48472
48474
48484
48485
48494
48498
48503
48504
48504
48509
48512
48513
48515
48516
48528
48529
48530
48534
48538
48552
48553
48557
48558
48561
48567
48569
48571
48574
48576
48577
48583
48593
48600
48603
48606
48607
48614
48617
48618
48622
48622
48627
48629
48629
48656
48661
48663
48666
48672
48673
48675
48685
48686
48689
48693
48695
48698
48699
48699
48702
48704
48706
48713
48717
48718
48720
48720
48730
48734
48736
48757
48758
48760
48765
48767
48771
48776
48778
48780
48782
48786
48791
48794
48795
48803
48804
48804
48808
48813
48816
48819
48827
48828
48831
48836
48838
48838
48838
48839
48839
48843
48846
48848
48848
48851
48851
48851
48853
48854
48857
48859
48863
48879
48881
48881
48888
48890
48890
48891
48891
48893
48894
48906
48907
48911
48912
48914
48914
48914
48918
48924
48925
48933
48934
48934
48934
48937
48944
48945
48952
48953
48959
48965
48965
48968
48974
48976
48980
48985
48985
48986
48990
48992
48999
49000
49007
49008
49010
49011
49019
49019
49020
49027
49029
49043
49045
49048
49052
49058
49065
49072
49074
49075
49076
49078
49087
49088
49095
49096
49096
49101
49112
49113
49114
49114
49119
49119
49120
49123
49133
49135
49139
49141
49151
49151
49156
49156
49161
49169
49169
49172
49178
49183
49189
49194
49199
49204
49209
49214
49219
49220
49227
49239
49242
49243
49246
49258
49258
49261
49263
49263
49264
49271
49282
49286
49295
49296
49297
49300
49301
49306
49310
49316
49321
49325
49326
49330
49332
49335
49338
49354
49368
49369
49374
49380
49384
49387
49389
49391
49402
49404
49405
49406
49407
49409
49411
49412
49414
49422
49429
49431
49435
49440
49441
49455
49458
49463
49470
49473
49474
49475
49475
49477
49481
49483
49484
49487
49491
49497
49502
49504
49505
49505
49512
49513
49516
49525
49526
49528
49530
49537
49539
49540
49559
49562
49563
49564
49566
49571
49572
49580
49583
49592
49593
49601
49602
49618
49620
49630
49630
49634
49635
49636
49637
49638
49649
49654
49656
49657
49658
49660
49661
49673
49677
49678
49681
49690
49691
49691
49691
49694
49699
49710
49717
49719
49719
49720
49726
49727
49730
49741
49743
49751
49752
49753
49753
49754
49759
49759
49759
49764
49765
49767
49771
49780
49783
49786
49789
49791
49807
49810
49824
49828
49831
49832
49834
49838
49846
49849
49855
49855
49856
49862
49862
49867
49870
49876
49893
49896
49897
49897
49898
49905
49911
49922
49929
49933
49934
49935
49941
49945
49949
49952
49969
49971
49982
49982
49991
49991
49991
49992
49998
49999
50001
50012
50022
50028
50030
50034
50037
50039
50056
50059
50060
50065
50065
50068
50072
50082
50085
50087
50089
50089
50101
50103
50108
50109
50111
50115
50125
50127
50127
50129
50133
50137
50138
50140
50143
50147
50150
50154
50163
50171
50172
50172
50172
50174
50175
50177
50178
50181
50182
50185
50185
50186
50187
50194
50203
50204
50211
50216
50218
50224
50225
50227
50229
50237
50237
50239
50241
50243
50249
50250
50250
50250
50254
50257
50268
50269
50269
50276
50285
50287
50288
50292
50297
50297
50305
50311
50311
50312
50320
50321
50321
50323
50336
50352
50353
50355
50357
50359
50368
50370
50395
50419
50427
50432
50436
50438
50446
50452
50463
50465
50467
50480
50483
50485
50488
50490
50490
50491
50501
50502
50504
50504
50508
50514
50517
50519
50519
50519
50521
50527
50530
50536
50541
50541
50555
50565
50568
50571
50573
50590
50593
50601
50602
50603
50604
50605
50618
50632
50632
50634
50635
50637
50644
50652
50653
50658
50661
50663
50664
50667
50686
50687
50698
50700
50704
50705
50707
50709
50711
50722
50725
50734
50738
50740
50741
50743
50744
50744
50746
50750
50756
50761
50766
50767
50767
50779
50784
50787
50787
50788
50794
50794
50802
50804
50805
50808
50810
50810
50814
50814
50816
50822
50828
50829
50831
50836
50838
50844
50849
50855
50858
50860
50865
50873
50874
50877
50886
50886
50887
50890
50899
50903
50907
50909
50910
50915
50915
50919
50921
50930
50934
50941
50946
50947
50949
50950
50953
50957
50965
50967
50969
50969
50985
50986
50993
50993
50998
50998
50999
51001
51002
51004
51013
51018
51018
51021
51021
51023
51025
51027
51027
51028
51030
51031
51032
51036
51037
51041
51042
51048
51054
51055
51058
51063
51075
51076
51084
51086
51086
51090
51094
51094
51097
51098
51099
51100
51104
51108
51110
51110
51111
51116
51130
51130
51136
51139
51141
51148
51148
51149
51155
51155
51157
51162
51164
51164
51166
51170
51172
51177
51189
51191
51197
51203
51205
51207
51210
51211
51217
51225
51226
51240
51242
51251
51253
51255
51258
51262
51265
51268
51268
51269
51275
51277
51281
51282
51290
51300
51301
51308
51308
51316
51316
51324
51332
51337
51346
51351
51353
51355
51358
51359
51360
51365
51366
51369
51378
51384
51387
51387
51394
51395
51399
51411
51414
51415
51421
51424
51432
51435
51438
51443
51456
51457
51467
51471
51474
51476
51476
51477
51478
51495
51497
51497
51501
51502
51502
51515
51524
51525
51530
51540
51543
51543
51547
51550
51554
51557
51572
51578
51585
51597
51599
51600
51600
51603
51609
51612
51617
51617
51619
51621
51626
51628
51631
51634
51643
51652
51655
51656
51658
51662
51665
51667
51675
51681
51681
51684
51685
51693
51694
51714
51716
51718
51718
51724
51728
51729
51730
51731
51733
51734
51735
51754
51758
51760
51760
51772
51776
51776
51780
51790
51790
51791
51795
51801
51803
51804
51808
51819
51820
51827
51829
51830
51830
51836
51838
51842
51850
51852
51858
51863
51868
51868
51875
51876
51876
51878
51881
51884
51887
51888
51893
51901
51902
51912
51915
51915
51917
51920
51921
51922
51925
51927
51934
51941
51942
51946
51949
51955
51956
51956
51968
51973
51980
51983
51989
52000
52012
52013
52023
52040
52053
52061
52063
52071
52071
52073
52074
52080
52081
52114
52115
52128
52134
52141
52142
52143
52146
52149
52152
52154
52157
52158
52160
52167
52168
52170
52179
52184
52184
52184
52185
52186
52186
52188
52190
52196
52197
52200
52203
52205
52208
52210
52211
52212
52217
52219
52224
52227
52234
52236
52238
52247
52247
52250
52256
52257
52257
52261
52263
52269
52269
52270
52272
52273
52277
52278
52280
52281
52282
52284
52286
52289
52306
52308
52311
52313
52314
52322
52325
52325
52332
52337
52340
52343
52347
52348
52350
52353
52355
52364
52369
52379
52383
52386
52394
52401
52408
52411
52412
52414
52414
52417
52418
52420
52423
52424
52428
52431
52432
52434
52443
52444
52455
52459
52460
52461
52470
52489
52491
52500
52503
52510
52518
52521
52523
52525
52536
52557
52558
52561
52562
52566
52570
52571
52582
52584
52588
52592
52594
52595
52605
52607
52614
52615
52631
52649
52656
52661
52663
52669
52678
52706
52707
52707
52715
52716
52720
52721
52731
52734
52739
52742
52744
52745
52746
52746
52753
52755
52755
52759
52760
52763
52763
52768
52768
52770
52771
52771
52775
52776
52777
52782
52787
52788
52789
52798
52798
52800
52806
52806
52808
52808
52810
52817
52828
52828
52842
52848
52849
52849
52865
52868
52868
52870
52873
52876
52881
52887
52889
52895
52910
52914
52917
52932
52937
52942
52947
52953
52959
52959
52965
52966
52969
52973
52973
52982
52982
52985
52986
52987
52988
53002
53002
53006
53006
53007
53008
53014
53016
53020
53029
53032
53049
53050
53053
53054
53056
53058
53064
53065
53067
53070
53070
53080
53084
53085
53085
53086
53089
53090
53093
53093
53093
53096
53105
53109
53115
53117
53120
53120
53122
53129
53131
53134
53138
53142
53142
53148
53148
53150
53158
53159
53159
53165
53167
53180
53182
53186
53195
53195
53201
53206
53209
53211
53218
53218
53219
53220
53226
53234
53239
53246
53250
53254
53258
53259
53260
53272
53274
53279
53279
53294
53305
53311
53312
53315
53320
53322
53323
53327
53327
53328
53330
53330
53331
53333
53337
53337
53338
53351
53354
53357
53358
53366
53367
53371
53387
53398
53402
53409
53409
53410
53412
53413
53415
53416
53427
53429
53429
53430
53437
53437
53439
53444
53449
53450
53452
53456
53456
53459
53464
53466
53467
53469
53470
53476
53480
53483
53492
53496
53498
53506
53512
53513
53516
53516
53519
53519
53520
53522
53522
53526
53539
53541
53541
53545
53546
53546
53547
53548
53548
53552
53554
53554
53557
53559
53563
53564
53568
53574
53578
53586
53588
53590
53590
53591
53593
53594
53596
53604
53604
53604
53614
53615
53616
53618
53622
53622
53625
53626
53627
53633
53644
53646
53648
53648
53656
53657
53660
53665
53669
53679
53681
53690
53691
53699
53701
53704
53710
53710
53720
53723
53723
53734
53739
53740
53743
53752
53759
53760
53769
53770
53774
53777
53782
53783
53784
53789
53791
53795
53820
53827
53829
53830
53831
53832
53833
53835
53840
53841
53843
53854
53855
53861
53866
53869
53869
53880
53887
53888
53889
53892
53896
53899
53901
53902
53902
53913
53918
53924
53926
53939
53940
53940
53945
53946
53947
53952
53954
53955
53957
53961
53965
53969
53971
53981
53986
53988
53988
53992
53997
53997
54000
54008
54010
54013
54017
54018
54030
54032
54033
54037
54047
54050
54053
54055
54067
54084
54086
54092
54098
54100
54102
54104
54106
54120
54121
54123
54123
54124
54124
54126
54129
54133
54133
54149
54152
54153
54156
54160
54167
54167
54181
54182
54184
54187
54204
54209
54220
54225
54228
54230
54232
54234
54242
54245
54256
54259
54259
54268
54279
54283
54284
54287
54292
54293
54295
54298
54298
54302
54307
54307
54307
54315
54317
54321
54323
54325
54325
54328
54341
54345
54347
54350
54357
54358
54359
54359
54361
54368
54369
54373
54376
54381
54388
54392
54392
54394
54406
54412
54417
54418
54420
54421
54421
54431
54431
54433
54434
54444
54450
54451
54453
54454
54456
54461
54464
54467
54477
54488
54491
54497
54499
54502
54507
54513
54523
54539
54549
54554
54565
54566
54571
54571
54579
54582
54586
54587
54595
54596
54598
54602
54605
54618
54623
54624
54626
54630
54640
54640
54654
54657
54661
54673
54675
54675
54676
54678
54682
54684
54684
54698
54712
54713
54715
54722
54724
54740
54741
54745
54751
54752
54754
54756
54781
54790
54791
54791
54792
54793
54794
54794
54802
54805
54809
54813
54813
54815
54817
54817
54820
54823
54824
54825
54827
54835
54838
54840
54845
54849
54853
54861
54862
54866
54869
54870
54873
54876
54884
54889
54902
54905
54908
54918
54920
54927
54940
54947
54954
54955
54957
54959
54962
54964
54964
54965
54966
54972
54976
54979
54982
54986
54989
54993
54995
54995
54998
55000
55003
55005
55014
55016
55016
55016
55017
55020
55025
55026
55029
55029
55034
55042
55042
55043
55054
55066
55075
55088
55091
55092
55098
55101
55103
55104
55107
55114
55118
55125
55135
55138
55141
55141
55155
55160
55163
55163
55170
55182
55190
55191
55195
55206
55220
55222
55222
55229
55230
55235
55239
55243
55243
55253
55253
55256
55257
55258
55262
55275
55282
55283
55286
55294
55294
55303
55303
55319
55323
55331
55332
55339
55340
55341
55350
55351
55353
55355
55359
55362
55364
55367
55377
55380
55381
55394
55396
55399
55403
55407
55408
55408
55410
55415
55423
55423
55424
55437
55445
55446
55448
55449
55456
55456
55456
55459
55459
55463
55464
55464
55471
55478
55488
55497
55502
55515
55516
55518
55519
55524
55527
55527
55532
55538
55538
55544
55551
55556
55562
55566
55575
55576
55582
55582
55593
55593
55597
55597
55603
55607
55620
55621
55626
55629
55640
55641
55644
55645
55653
55658
55664
55664
55666
55666
55669
55690
55697
55702
55703
55704
55707
55709
55712
55713
55721
55734
55745
55752
55752
55756
55769
55779
55784
55785
55791
55795
55796
55797
55800
55801
55814
55815
55824
55841
55849
55851
55856
55867
55868
55877
55887
55890
55892
55892
55900
55912
55929
55937
55937
55942
55955
55980
55983
55983
55984
55988
55988
55991
56001
56006
56008
56012
56020
56025
56026
56027
56031
56036
56040
56041
56044
56050
56056
56059
56060
56063
56063
56065
56067
56067
56070
56071
56071
56073
56073
56073
56076
56078
56085
56088
56088
56092
56093
56095
56098
56109
56111
56120
56122
56130
56131
56134
56135
56135
56135
56135
56138
56147
56148
56151
56153
56153
56171
56172
56178
56180
56180
56194
56196
56203
56204
56218
56222
56225
56228
56231
56233
56235
56236
56240
56244
56247
56250
56253
56259
56262
56267
56267
56273
56274
56280
56286
56286
56289
56289
56293
56297
56297
56304
56307
56312
56313
56314
56314
56315
56316
56322
56323
56332
56332
56333
56337
56338
56338
56345
56347
56354
56357
56362
56367
56380
56381
56382
56383
56387
56388
56392
56400
56401
56408
56414
56416
56419
56420
56420
56421
56424
56434
56438
56443
56444
56458
56458
56466
56468
56469
56474
56474
56477
56487
56491
56494
56500
56504
56505
56508
56513
56525
56530
56533
56537
56537
56540
56549
56551
56552
56561
56564
56569
56580
56580
56582
56583
56595
56595
56599
56607
56622
56630
56635
56636
56636
56640
56646
56651
56665
56666
56666
56668
56669
56670
56682
56698
56710
56717
56721
56727
56728
56732
56746
56749
56753
56760
56763
56764
56767
56769
56772
56776
56783
56785
56788
56790
56792
56793
56795
56799
56802
56814
56818
56818
56820
56820
56822
56822
56824
56850
56851
56856
56858
56861
56863
56866
56866
56871
56882
56883
56885
56891
56901
56903
56905
56905
56912
56913
56914
56917
56928
56934
56937
56939
56942
56943
56946
56953
56954
56960
56962
56966
56973
56974
56979
56983
56987
56987
56992
57002
57012
57013
57016
57022
57026
57030
57030
57037
57044
57045
57047
57051
57053
57055
57060
57061
57062
57073
57077
57082
57085
57086
57087
57090
57092
57094
57095
57098
57100
57104
57104
57107
57108
57112
57113
57115
57118
57119
57122
57122
57123
57124
57124
57126
57128
57132
57132
57137
57140
57147
57148
57153
57154
57159
57162
57163
57165
57169
57170
57172
57173
57176
57179
57185
57188
57192
57204
57205
57210
57211
57219
57225
57246
57248
57257
57259
57260
57261
57261
57271
57282
57285
57294
57295
57303
57303
57306
57308
57311
57314
57314
57327
57336
57336
57337
57339
57351
57353
57355
57363
57368
57372
57376
57378
57381
57385
57390
57395
57396
57400
57401
57402
57413
57422
57423
57427
57428
57443
57447
57451
57452
57452
57454
57462
57464
57465
57468
57476
57477
57478
57483
57492
57492
57493
57504
57522
57528
57533
57542
57545
57547
57551
57558
57562
57564
57571
57574
57577
57579
57580
57582
57592
57598
57610
57617
57623
57624
57625
57625
57625
57630
57630
57630
57632
57635
57638
57638
57644
57650
57652
57652
57655
57669
57678
57679
57679
57680
57684
57684
57687
57693
57696
57696
57696
57701
57703
57706
57707
57711
57714
57717
57727
57731
57732
57737
57741
57741
57742
57744
57744
57752
57755
57759
57760
57760
57766
57766
57767
57767
57775
57775
57782
57783
57789
57792
57795
57796
57800
57807
57821
57825
57827
57830
57830
57833
57834
57834
57835
57841
57845
57845
57853
57858
57859
57872
57874
57877
57878
57883
57895
57896
57902
57903
57911
57913
57914
57923
57930
57932
57936
57936
57937
57938
57943
57944
57945
57947
57953
57955
57966
57966
57975
57980
57981
57989
57994
57999
58009
58014
58016
58020
58024
58037
58040
58040
58046
58048
58048
58052
58060
58061
58064
58065
58067
58069
58083
58083
58085
58091
58091
58098
58104
58114
58116
58116
58119
58121
58127
58128
58130
58136
58147
58159
58161
58164
58166
58167
58168
58170
58176
58177
58177
58180
58182
58186
58188
58196
58198
58202
58202
58203
58207
58208
58215
58218
58219
58233
58237
58246
58247
58250
58262
58268
58269
58272
58279
58284
58286
58290
58291
58292
58296
58297
58300
58304
58304
58305
58308
58316
58333
58336
58336
58340
58344
58347
58354
58361
58367
58372
58373
58374
58376
58381
58381
58384
58386
58391
58392
58398
58398
58398
58399
58413
58416
58425
58425
58426
58430
58432
58444
58451
58465
58470
58475
58476
58484
58493
58498
58502
58504
58507
58525
58527
58534
58536
58542
58543
58543
58545
58550
58555
58563
58566
58567
58571
58572
58584
58594
58597
58605
58608
58615
58624
58626
58628
58632
58636
58638
58639
58653
58655
58655
58656
58659
58660
58663
58666
58669
58689
58693
58697
58701
58702
58704
58709
58715
58718
58728
58731
58731
58733
58734
58735
58742
58750
58760
58763
58776
58776
58784
58784
58793
58797
58799
58810
58813
58815
58817
58817
58821
58821
58822
58825
58825
58826
58832
58835
58840
58845
58845
58847
58851
58858
58859
58866
58875
58876
58877
58879
58881
58886
58889
58894
58896
58897
58913
58919
58924
58928
58933
58936
58938
58940
58944
58947
58959
58959
58961
58961
58971
58977
58978
58983
58990
58995
58996
59003
59006
59007
59008
59009
59013
59018
59019
59021
59028
59028
59033
59035
59039
59039
59040
59042
59042
59046
59055
59059
59059
59063
59066
59072
59075
59078
59084
59093
59094
59094
59099
59099
59099
59102
59104
59106
59111
59112
59117
59123
59125
59126
59134
59141
59143
59149
59149
59150
59157
59157
59158
59162
59172
59172
59175
59177
59177
59184
59185
59186
59206
59207
59214
59215
59221
59223
59229
59232
59239
59240
59241
59243
59245
59258
59260
59260
59263
59263
59276
59279
59285
59287
59292
59293
59301
59307
59323
59323
59329
59329
59331
59332
59333
59347
59352
59355
59358
59360
59366
59374
59375
59378
59384
59385
59389
59390
59391
59391
59391
59393
59393
59396
59397
59406
59417
59419
59424
59427
59434
59439
59453
59458
59461
59464
59469
59469
59471
59472
59483
59485
59489
59497
59501
59503
59504
59506
59509
59510
59510
59518
59524
59527
59531
59535
59537
59537
59538
59541
59545
59548
59551
59561
59567
59567
59577
59578
59579
59579
59580
59588
59590
59591
59593
59595
59599
59602
59609
59611
59617
59632
59632
59640
59651
59652
59654
59657
59658
59659
59662
59663
59675
59679
59680
59685
59685
59690
59691
59694
59694
59696
59698
59709
59710
59713
59714
59719
59719
59729
59731
59734
59735
59739
59743
59745
59746
59748
59751
59751
59757
59761
59764
59774
59775
59782
59786
59787
59790
59792
59794
59795
59796
59796
59801
59805
59818
59822
59822
59824
59826
59826
59837
59837
59839
59839
59845
59850
59852
59852
59859
59869
59872
59872
59873
59873
59874
59877
59880
59884
59886
59888
59889
59890
59899
59903
59904
59905
59907
59911
59914
59920
59930
59937
59944
59949
59952
59957
59958
59959
59969
59969
59970
59971
59974
59974
59977
59979
59980
59983
59989
59998
60001
60003
60003
60014
60020
60021
60022
60023
60039
60050
60051
60054
60054
60057
60059
60061
60062
60068
60072
60073
60075
60080
60087
60091
60098
60104
60112
60117
60120
60122
60123
60128
60131
60131
60132
60138
60145
60146
60146
60160
60161
60164
60170
60170
60171
60172
60176
60180
60184
60185
60187
60189
60191
60193
60195
60197
60202
60204
60205
60206
60207
60222
60223
60224
60226
60226
60227
60227
60234
60235
60237
60237
60238
60242
60243
60245
60245
60245
60249
60253
60256
60257
60259
60264
60266
60267
60268
60269
60274
60275
60279
60284
60291
60292
60293
60294
60295
60299
60306
60311
60324
60325
60328
60331
60333
60338
60345
60354
60364
60371
60373
60374
60377
60378
60381
60384
60387
60391
60398
60398
60400
60411
60411
60417
60418
60421
60422
60424
60426
60427
60430
60431
60435
60435
60438
60444
60444
60454
60457
60458
60459
60462
60472
60476
60480
60489
60496
60497
60501
60509
60510
60511
60511
60512
60520
60525
60530
60532
60532
60532
60534
60541
60543
60545
60549
60549
60555
60556
60563
60569
60578
60580
60581
60585
60586
60587
60588
60589
60590
60595
60596
60598
60600
60603
60604
60604
60605
60606
60612
60614
60615
60628
60629
60630
60632
60637
60638
60639
60640
60641
60644
60645
60646
60648
60656
60662
60663
60674
60674
60685
60688
60703
60704
60707
60708
60712
60714
60722
60727
60733
60738
60743
60743
60745
60750
60753
60754
60755
60755
60757
60757
60761
60762
60765
60768
60774
60777
60777
60791
60799
60809
60812
60813
60820
60827
60831
60833
60836
60840
60841
60849
60851
60856
60861
60863
60865
60867
60868
60879
60883
60883
60886
60892
60902
60905
60910
60919
60927
60928
60942
60942
60948
60957
60961
60971
60972
60985
60987
60998
61005
61010
61010
61014
61018
61019
61023
61024
61025
61029
61032
61033
61035
61039
61047
61058
61065
61068
61074
61082
61082
61082
61088
61089
61098
61100
61104
61108
61113
61123
61127
61141
61150
61151
61152
61153
61158
61171
61177
61185
61187
61197
61200
61201
61202
61209
61214
61217
61222
61228
61233
61234
61237
61238
61240
61243
61247
61258
61261
61274
61276
61284
61285
61295
61302
61304
61304
61306
61314
61327
61333
61333
61344
61344
61348
61350
61353
61355
61356
61357
61358
61358
61358
61359
61361
61363
61366
61368
61373
61376
61380
61380
61385
61387
61387
61409
61413
61419
61421
61424
61427
61427
61434
61439
61440
61450
61463
61464
61465
61467
61476
61476
61477
61479
61488
61503
61514
61517
61520
61524
61528
61528
61531
61532
61535
61542
61552
61554
61555
61571
61572
61572
61574
61576
61579
61583
61586
61595
61595
61607
61610
61610
61610
61622
61624
61625
61631
61636
61636
61642
61643
61649
61655
61656
61661
61669
61672
61681
61686
61686
61686
61688
61694
61705
61709
61713
61718
61721
61723
61725
61729
61748
61752
61753
61760
61761
61772
61773
61776
61783
61783
61790
61792
61792
61792
61795
61797
61797
61800
61800
61804
61806
61809
61812
61814
61814
61819
61823
61851
61857
61870
61876
61877
61901
61913
61914
61916
61930
61931
61934
61936
61937
61939
61940
61941
61945
61945
61945
61946
61953
61954
61964
61965
61965
61970
61984
61985
61992
61993
61996
61998
61998
61999
62000
62002
62010
62010
62013
62023
62024
62026
62033
62033
62041
62055
62056
62056
62067
62069
62070
62074
62075
62076
62088
62099
62117
62118
62119
62120
62122
62128
62129
62133
62138
62139
62141
62143
62146
62150
62150
62152
62157
62166
62166
62171
62172
62177
62181
62181
62183
62185
62193
62193
62194
62195
62199
62203
62207
62210
62210
62211
62219
62220
62224
62226
62226
62235
62242
62246
62249
62251
62252
62257
62263
62271
62272
62283
62286
62286
62288
62290
62299
62299
62303
62303
62308
62310
62313
62318
62325
62328
62329
62330
62332
62333
62334
62342
62350
62351
62355
62366
62369
62372
62373
62373
62375
62381
62383
62385
62388
62391
62400
62406
62408
62408
62408
62427
62429
62430
62434
62436
62439
62439
62443
62444
62446
62450
62450
62451
62451
62456
62466
62471
62483
62490
62495
62505
62508
62509
62510
62512
62512
62514
62518
62519
62519
62520
62521
62529
62531
62536
62538
62549
62558
62558
62558
62567
62572
62584
62585
62585
62599
62603
62609
62622
62623
62627
62631
62633
62635
62637
62642
62646
62651
62655
62657
62661
62662
62681
62707
62713
62729
62729
62733
62735
62735
62737
62741
62745
62757
62759
62764
62767
62770
62779
62782
62783
62784
62789
62789
62806
62807
62809
62810
62816
62820
62831
62834
62836
62838
62842
62845
62845
62846
62846
62851
62854
62866
62866
62868
62869
62874
62875
62888
62900
62904
62905
62909
62910
62917
62918
62920
62927
62935
62940
62945
62948
62949
62956
62956
62956
62959
62959
62979
62979
62979
62988
62995
62996
63000
63004
63006
63010
63027
63028
63039
63043
63052
63058
63059
63059
63063
63068
63069
63076
63081
63085
63090
63091
63093
63096
63100
63108
63110
63121
63121
63130
63146
63152
63154
63160
63162
63167
63168
63168
63171
63172
63174
63186
63201
63203
63205
63206
63206
63207
63207
63207
63214
63225
63227
63236
63237
63239
63242
63250
63257
63260
63261
63262
63264
63275
63278
63289
63289
63296
63306
63317
63318
63329
63335
63336
63337
63338
63341
63342
63343
63346
63359
63367
63368
63371
63378
63382
63383
63386
63401
63404
63407
63409
63412
63418
63428
63428
63431
63432
63434
63436
63439
63446
63453
63457
63461
63466
63469
63469
63474
63477
63482
63494
63504
63504
63504
63512
63513
63517
63519
63520
63521
63531
63534
63536
63538
63538
63539
63541
63544
63546
63548
63550
63550
63550
63554
63556
63580
63583
63584
63594
63599
63606
63609
63610
63615
63618
63620
63633
63641
63647
63658
63659
63660
63662
63664
63674
63677
63679
63683
63684
63698
63700
63708
63709
63714
63731
63732
63733
63735
63743
63743
63745
63751
63755
63768
63772
63774
63775
63779
63784
63792
63792
63793
63796
63801
63803
63806
63808
63814
63816
63820
63826
63833
63839
63844
63851
63857
63859
63864
63864
63866
63868
63869
63871
63873
63874
63875
63885
63895
63902
63903
63904
63909
63912
63917
63928
63928
63932
63943
63943
63943
63944
63951
63959
63970
63975
63976
63979
63985
63986
63991
63992
63993
63997
64002
64003
64012
64015
64016
64019
64027
64028
64031
64032
64035
64038
64039
64043
64046
64049
64051
64053
64064
64065
64066
64074
64074
64076
64077
64080
64081
64085
64089
64099
64110
64110
64111
64117
64117
64124
64125
64130
64155
64157
64158
64159
64162
64167
64169
64170
64178
64182
64183
64191
64203
64204
64206
64207
64208
64211
64212
64212
64213
64213
64214
64215
64224
64236
64238
64238
64247
64248
64248
64250
64268
64268
64269
64271
64272
64276
64282
64283
64290
64300
64305
64306
64325
64326
64335
64340
64341
64345
64355
64355
64368
64377
64382
64387
64392
64394
64408
64412
64413
64417
64418
64423
64425
64429
64436
64448
64456
64459
64459
64462
64467
64467
64477
64477
64477
64477
64480
64489
64497
64497
64506
64513
64513
64514
64515
64518
64524
64524
64541
64549
64556
64561
64561
64569
64578
64584
64588
64592
64603
64606
64608
64610
64615
64619
64619
64624
64627
64627
64629
64631
64635
64636
64638
64638
64639
64639
64645
64654
64656
64673
64683
64683
64684
64689
64694
64697
64698
64701
64706
64709
64709
64710
64710
64712
64712
64715
64715
64724
64724
64726
64729
64729
64730
64730
64746
64751
64751
64753
64753
64754
64754
64755
64757
64759
64762
64762
64773
64773
64782
64783
64785
64796
64797
64798
64808
64809
64810
64820
64822
64831
64833
64834
64839
64845
64845
64847
64855
64861
64862
64864
64864
64866
64871
64879
64887
64916
64923
64925
64933
64934
64939
64960
64960
64966
64976
64979
64980
64980
64989
64991
64992
64999
65000
65002
65013
65013
65015
65024
65038
65041
65042
65058
65059
65062
65070
65072
65075
65085
65089
65092
65093
65093
65094
65094
65094
65103
65119
65124
65133
65137
65140
65140
65141
65141
65143
65143
65160
65160
65160
65162
65172
65173
65174
65175
65179
65181
65185
65198
65208
65212
65212
65217
65218
65219
65219
65220
65223
65226
65230
65232
65237
65243
65248
65256
65256
65257
65263
65269
65271
65275
65277
65282
65282
65290
65297
65302
65302
65320
65332
65338
65344
65346
65356
65357
65357
65359
65359
65359
65369
65369
65370
65371
65374
65382
65384
65386
65393
65397
65398
65412
65415
65415
65417
65428
65428
65430
65434
65437
65443
65445
65445
65445
65446
65448
65450
65450
65450
65451
65452
65456
65465
65468
65474
65477
65483
65483
65488
65492
65494
65517
65522
65522
65525
65526
65528
65529
65535
65535
