750
1310
2514
2634
2859
3245
3385
3456
3475
4015
4273
4338
4511
4821
5362
5369
5672
6108
6322
6576
6769
6984
7123
7156
7218
7251
7491
8134
8169
8573
8734
9742
10220
10325
10611
10994
11306
11410
11546
11643
12382
12692
12779
12924
13334
13484
13502
13554
14055
14353
14356
14585
14865
14883
15622
15853
16085
16186
16386
17268
17452
17619
18076
18368
18668
18771
19228
19310
19387
19421
19554
19594
19848
20200
20427
20864
20922
20957
21174
21245
21383
21584
21649
21697
22234
22705
22717
23125
23315
23492
23928
24011
24085
24302
25419
25781
25998
26244
26264
26603
26615
26646
26650
26691
27113
27179
27513
27534
27694
28031
29193
29571
29691
30348
30912
31216
31254
31473
31796
31806
32550
32909
33057
33340
34146
34536
34667
34832
34992
35110
35560
35642
36110
36186
36425
36580
36587
36938
37105
37443
37645
37950
38834
39289
39638
39817
40167
40254
40688
41017
41514
41775
42008
42406
42714
42714
42856
43001
43436
43711
43837
44099
44203
44422
44704
44824
44846
45004
45109
45405
45551
45561
45737
45970
46152
46205
47189
47613
47676
47974
48312
48504
48838
48952
49027
50603
50632
50810
51032
51111
51210
51226
51836
51946
52080
52224
52570
52588
52715
53014
53512
53704
53896
53902
54889
54993
55163
55257
55666
56367
56477
56636
56769
56820
56882
57026
57219
57858
57913
57938
57989
58742
58835
58894
59018
59078
59157
59329
59958
59959
60087
60122
60226
60496
60630
60755
61025
61355
61376
61479
61857
61945
62518
62834
62949
63028
63171
63544
63664
63871
64236
64335
64709
64753
65092
65160
