31
63
87
111
194
224
268
284
331
347
386
420
423
473
490
567
597
611
614
632
673
724
750
782
858
865
882
1013
1066
1141
1151
1164
1225
1310
1371
1652
1694
1721
1873
1902
1944
1982
2079
2178
2184
2193
2227
2250
2263
2384
2456
2470
2497
2502
2514
2526
2531
2592
2617
2631
2634
2644
2644
2648
2654
2695
2714
2734
2754
2757
2787
2856
2859
2881
2904
2941
2952
2957
3022
3040
3057
3063
3077
3107
3154
3170
3218
3230
3237
3245
3291
3319
3367
3385
3456
3474
3475
3541
3554
3586
3594
3611
3643
3720
3726
3760
3825
3864
3923
3958
3968
3976
3993
4015
4017
4021
4031
4055
4122
4162
4174
4195
4273
4282
4338
4385
4409
4437
4511
4548
4568
4637
4696
4703
4821
4856
4922
4926
4940
4941
4943
4958
4965
4974
5059
5105
5155
5232
5237
5300
5344
5346
5360
5362
5365
5369
5408
5423
5485
5564
5586
5667
5672
5675
5686
5728
5757
5772
5789
5808
5823
5849
5885
5981
6045
6069
6108
6113
6137
6145
6262
6273
6320
6322
6337
6397
6416
6515
6576
6605
6685
6695
6756
6756
6769
6786
6825
6854
6869
6873
6929
6984
7057
7077
7123
7156
7161
7218
7251
7303
7335
7338
7344
7384
7403
7410
7414
7450
7468
7471
7491
7617
7618
7669
7692
7707
7734
7757
7776
7880
7898
7904
7946
7948
8011
8079
8099
8134
8166
8169
8171
8300
8321
8328
8360
8432
8433
8441
8516
8516
8569
8573
8600
8602
8648
8685
8693
8734
8819
8967
9034
9035
9089
9124
9148
9157
9253
9321
9407
9525
9536
9568
9576
9634
9634
9677
9688
9742
9744
9757
9786
9807
9814
9868
9868
9876
9878
9907
9911
9961
9990
10044
10079
10130
10143
10202
10210
10220
10268
10288
10294
10307
10325
10388
10450
10479
10506
10526
10592
10611
10632
10649
10694
10780
10855
10862
10981
10994
11058
11060
11064
11115
11125
11155
11261
11303
11306
11333
11369
11370
11410
11451
11457
11479
11492
11505
11544
11544
11546
11573
11643
11659
11670
11681
11690
11705
11766
11780
11799
11802
11919
11956
11981
12032
12037
12113
12135
12154
12163
12164
12188
12188
12243
12309
12355
12370
12375
12382
12510
12650
12655
12690
12692
12694
12720
12766
12768
12769
12775
12779
12792
12796
12816
12822
12838
12856
12857
12924
12931
12949
12959
12969
12993
13061
13079
13138
13151
13166
13174
13176
13183
13215
13288
13309
13311
13334
13461
13466
13480
13484
13491
13502
13551
13554
13645
13693
13731
13804
13828
13866
13897
13940
13941
13953
13954
13979
13992
13998
14002
14055
14066
14076
14116
14226
14258
14329
14352
14353
14356
14362
14376
14378
14402
14411
14426
14468
14482
14492
14531
14541
14544
14561
14562
14585
14585
14657
14723
14733
14846
14865
14871
14875
14883
14902
14946
14954
14961
14996
15022
15028
15047
15085
15121
15127
15137
15151
15216
15246
15295
15300
15312
15349
15411
15421
15423
15440
15548
15589
15601
15622
15647
15661
15693
15707
15765
15853
15854
15888
15900
15914
15924
15959
15975
16015
16018
16047
16084
16085
16108
16149
16177
16186
16218
16306
16377
16386
16393
16425
16497
16503
16579
16670
16675
16692
16712
16775
16780
16898
16979
17055
17062
17075
17081
17112
17114
17129
17139
17166
17229
17268
17268
17307
17336
17373
17377
17382
17399
17428
17452
17465
17555
17562
17619
17664
17689
17703
17726
17768
17774
17789
17799
17813
17936
17939
17983
18028
18031
18065
18076
18140
18191
18192
18198
18198
18203
18288
18309
18321
18368
18419
18437
18491
18497
18581
18589
18609
18645
18664
18668
18771
18786
18813
18824
18837
18881
18889
18927
19066
19096
19123
19137
19144
19167
19189
19208
19228
19266
19280
19310
19349
19387
19394
19421
19456
19554
19594
19596
19610
19692
19749
19778
19814
19816
19820
19848
19889
19895
19896
19916
19956
19976
19979
20006
20033
20118
20130
20150
20200
20215
20218
20381
20385
20427
20435
20438
20475
20477
20493
20545
20579
20604
20606
20719
20807
20845
20864
20880
20922
20948
20957
21009
21087
21107
21124
21144
21165
21174
21174
21218
21245
21249
21251
21265
21298
21353
21357
21358
21359
21383
21404
21441
21441
21444
21534
21557
21584
21649
21697
21744
21745
21753
21800
21835
21865
21903
21905
21938
21959
21992
22078
22078
22156
22205
22222
22234
22289
22309
22332
22340
22340
22342
22349
22369
22379
22379
22467
22514
22554
22560
22562
22583
22692
22705
22716
22717
22732
22764
22771
22797
22810
22841
22850
22853
22887
22910
22962
22987
23026
23035
23098
23104
23112
23125
23183
23224
23262
23282
23303
23305
23315
23335
23404
23433
23441
23445
23492
23495
23553
23557
23569
23600
23602
23656
23928
23985
23990
24011
24026
24085
24141
24164
24174
24200
24201
24253
24263
24288
24302
24319
24341
24459
24466
24502
24549
24669
24675
24704
24779
24794
24824
24862
24935
24963
24987
25036
25116
25154
25199
25231
25232
25234
25243
25309
25345
25353
25361
25419
25421
25454
25508
25626
25651
25653
25657
25678
25696
25719
25781
25835
25920
25927
25960
25969
25985
25998
26064
26089
26101
26139
26207
26209
26211
26244
26264
26333
26404
26472
26568
26602
26603
26606
26615
26646
26650
26656
26661
26691
26703
26714
26720
26814
26899
26907
26949
27068
27112
27113
27130
27162
27172
27179
27220
27236
27270
27286
27291
27317
27320
27328
27330
27383
27392
27393
27397
27403
27421
27444
27460
27513
27516
27528
27534
27561
27580
27587
27606
27694
27696
27700
27734
27773
27824
27917
27943
28010
28017
28031
28097
28112
28141
28161
28186
28209
28230
28241
28271
28295
28421
28423
28430
28437
28537
28558
28558
28575
28598
28698
28705
28713
28732
28760
28783
28795
28887
28912
28913
28941
29001
29076
29153
29170
29193
29267
29281
29309
29351
29398
29441
29514
29520
29527
29528
29549
29571
29590
29667
29691
29785
29789
29810
29818
29822
29875
30037
30085
30129
30140
30191
30252
30291
30325
30348
30388
30391
30434
30451
30506
30543
30543
30666
30901
30912
30923
31004
31014
31015
31042
31085
31091
31194
31216
31253
31254
31313
31436
31473
31577
31594
31598
31604
31650
31700
31716
31745
31796
31806
31820
31834
31862
31865
31996
32068
32110
32128
32157
32159
32186
32210
32227
32231
32295
32298
32312
32369
32408
32505
32550
32554
32653
32673
32713
32811
32877
32909
32952
32986
33023
33057
33074
33131
33135
33173
33184
33246
33257
33295
33315
33340
33361
33375
33395
33403
33414
33415
33429
33459
33462
33474
33525
33543
33557
33558
33586
33656
33688
33690
33703
33742
33813
33847
33864
33869
33889
33926
33983
34004
34007
34023
34047
34059
34118
34145
34146
34225
34233
34269
34280
34311
34430
34442
34499
34533
34536
34536
34562
34574
34667
34695
34710
34807
34821
34832
34857
34885
34913
34962
34962
34992
35074
35095
35107
35110
35120
35142
35148
35189
35193
35259
35261
35331
35345
35481
35560
35560
35567
35599
35642
35725
35733
35741
35751
35784
35818
35954
35958
35995
35995
36041
36110
36121
36128
36164
36186
36228
36266
36309
36335
36384
36410
36425
36437
36454
36457
36580
36587
36626
36663
36674
36674
36706
36792
36907
36938
36939
36944
36970
37105
37216
37245
37294
37357
37370
37402
37431
37443
37449
37459
37477
37560
37573
37635
37645
37688
37784
37873
37913
37942
37950
37964
37977
37989
38031
38056
38057
38069
38137
38177
38191
38306
38306
38312
38378
38395
38403
38430
38443
38497
38520
38538
38560
38599
38700
38779
38811
38814
38816
38834
38836
38962
39014
39031
39050
39077
39106
39132
39142
39162
39164
39186
39203
39263
39289
39345
39394
39409
39638
39639
39763
39817
39823
40034
40146
40155
40167
40167
40191
40195
40220
40236
40246
40254
40254
40336
40393
40403
40432
40476
40515
40574
40575
40577
40591
40677
40688
40713
40731
40774
40774
40804
40834
40875
40904
41001
41005
41017
41025
41027
41044
41078
41101
41126
41215
41265
41319
41342
41441
41467
41514
41514
41515
41516
41541
41552
41599
41732
41744
41775
41798
41798
41799
41813
41850
41859
41912
41931
41937
41956
41970
41970
42008
42220
42235
42237
42282
42296
42304
42309
42328
42341
42394
42402
42406
42411
42420
42425
42460
42475
42603
42611
42632
42689
42691
42714
42714
42743
42774
42844
42850
42856
42863
42896
42916
43001
43043
43068
43130
43182
43196
43292
43368
43382
43422
43436
43475
43525
43591
43631
43631
43705
43711
43715
43790
43837
43867
44016
44017
44022
44035
44077
44099
44103
44134
44175
44203
44216
44274
44349
44361
44364
44372
44382
44390
44391
44393
44406
44422
44542
44547
44555
44575
44575
44622
44643
44704
44708
44715
44723
44792
44798
44824
44846
44919
44982
45003
45004
45109
45329
45329
45342
45354
45372
45397
45405
45422
45429
45455
45462
45470
45470
45551
45561
45737
45753
45784
45810
45815
45906
45970
46043
46062
46152
46205
46207
46230
46290
46335
46348
46404
46549
46588
46598
46700
46706
46757
46869
46942
46998
47069
47106
47121
47138
47157
47189
47210
47216
47404
47425
47442
47454
47463
47518
47525
47561
47572
47574
47613
47658
47663
47676
47685
47694
47766
47820
47832
47873
47897
47954
47970
47974
48004
48032
48040
48096
48100
48159
48259
48267
48278
48280
48284
48309
48312
48320
48326
48357
48375
48384
48403
48432
48504
48529
48622
48656
48661
48693
48720
48771
48782
48813
48838
48851
48851
48854
48881
48907
48914
48934
48952
49020
49027
49029
49078
49227
49282
49306
49404
49414
49475
49638
49660
49690
49719
49743
49754
49831
49832
49834
49867
49893
49929
50022
50085
50111
50129
50133
50150
50237
50250
50257
50276
50321
50419
50427
50446
50490
50603
50632
50637
50652
50653
50664
50698
50744
50802
50810
50836
50890
50899
50903
50957
50969
50993
51032
51054
51055
51075
51086
51094
51098
51111
51148
51191
51205
51210
51226
51275
51316
51384
51387
51467
51502
51554
51609
51617
51652
51655
51667
51694
51724
51734
51735
51776
51808
51820
51830
51836
51838
51842
51868
51887
51902
51922
51946
51949
51956
51973
52071
52080
52168
52224
52238
52289
52332
52401
52414
52431
52470
52570
52582
52588
52592
52656
52715
52753
52760
52787
52810
52842
52873
52889
52914
52959
52969
52973
53008
53014
53058
53093
53109
53138
53167
53331
53409
53410
53415
53450
53456
53512
53519
53539
53541
53548
53586
53591
53604
53618
53622
53627
53681
53704
53866
53896
53902
53924
53940
53952
53957
53965
53981
53988
54017
54037
54050
54100
54133
54160
54184
54225
54284
54298
54359
54359
54361
54373
54433
54450
54456
54467
54539
54565
54626
54640
54676
54684
54754
54815
54838
54849
54889
54902
54957
54993
54998
55016
55026
55043
55163
55257
55340
55351
55377
55403
55437
55456
55464
55527
55620
55653
55664
55666
55669
55756
55800
55814
55890
55937
55980
55984
56056
56073
56093
56095
56111
56131
56134
56153
56218
56233
56274
56280
56297
56314
56354
56367
56382
56387
56414
56469
56477
56513
56599
56636
56640
56666
56666
56732
56760
56764
56769
56792
56814
56820
56850
56882
56901
56903
56905
56937
56939
57002
57026
57030
57037
57047
57077
57082
57085
57092
57095
57137
57140
57210
57219
57314
57372
57395
57452
57454
57477
57574
57610
57617
57624
57638
57687
57760
57766
57833
57853
57858
57913
57932
57937
57938
57953
57989
57994
58014
58067
58114
58127
58167
58177
58180
58247
58284
58344
58361
58372
58399
58465
58493
58525
58563
58615
58638
58689
58709
58742
58835
58859
58894
58924
58944
58978
58983
59018
59039
59042
59078
59104
59126
59149
59150
59157
59158
59186
59221
59229
59276
59329
59333
59352
59417
59485
59503
59509
59567
59578
59579
59679
59698
59739
59746
59786
59796
59801
59822
59822
59826
59958
59959
59974
60059
60073
60087
60122
60146
60191
60197
60206
60226
60235
60237
60238
60245
60253
60269
60291
60377
60459
60496
60512
60520
60541
60563
60590
60604
60630
60674
60755
60799
60813
60849
60883
60905
60961
61014
61024
61025
61127
61214
61222
61228
61285
61314
61333
61344
61355
61376
61385
61424
61427
61476
61479
61524
61528
61554
61595
61688
61760
61783
61792
61800
61857
61901
61916
61945
61965
61965
61999
62088
62120
62129
62141
62177
62224
62226
62318
62427
62450
62518
62549
62585
62603
62646
62681
62735
62741
62834
62838
62874
62905
62909
62935
62949
62995
63028
63043
63090
63091
63130
63162
63171
63203
63278
63342
63367
63482
63512
63521
63541
63544
63580
63583
63594
63662
63664
63679
63683
63732
63755
63793
63806
63844
63868
63871
63932
63951
63992
64031
64065
64074
64110
64110
64117
64155
64167
64178
64204
64208
64211
64212
64236
64268
64283
64335
64368
64459
64480
64514
64515
64631
64639
64709
64724
64729
64753
64822
64879
64923
64925
64979
64980
65024
65062
65092
65119
65124
65160
65160
65212
65248
65290
65386
65398
65445
65450
